2023-07-28 10:49:25,659.0,208061,169,658.59,63341,145662,0.6952402780961042,0
2023-07-28 10:49:25,659.0,208061,169,658.59,63341,145648,0.6952402780961042,0
2023-07-28 10:49:25,659.0,208061,25,658.59,63341,145662,0.6952402780961042,0
2023-07-28 10:49:25,659.0,208061,3,658.59,63341,145662,0.6952402780961042,0
2023-07-28 10:49:37,659.0,208189,3,658.59,63147,145717,0.6952402780961042,0
2023-07-28 10:49:37,659.0,208189,25,658.59,63147,145717,0.6952402780961042,0
2023-07-28 10:49:37,659.0,208189,34,658.59,63147,145717,0.6952402780961042,0
2023-07-28 10:49:39,659.0,208411,34,658.59,63041,145722,0.6952402780961042,0
2023-07-28 10:49:39,659.0,208411,5,658.59,63041,145722,0.6952402780961042,0
2023-07-28 10:49:42,659.0,208441,3,658.59,63101,145751,0.6952402780961042,0
2023-07-28 10:49:45,659.0,208446,5,658.59,63034,145746,0.6952402780961042,0
2023-07-28 10:49:45,659.0,208446,5,658.59,63104,145796,0.6952402780961042,0
2023-07-28 10:49:45,659.0,208446,5,658.59,63171,145796,0.6952402780961042,0
2023-07-28 10:49:45,658.5,208446,172,658.59,63171,145796,0.618840247536092,0
2023-07-28 10:49:53,659.0,208674,67,658.59,63093,145690,0.6952402780961042,0
2023-07-28 10:49:54,659.0,208741,67,658.59,63124,145553,0.6952402780961042,0
2023-07-28 10:49:54,659.0,208741,67,658.59,63300,145493,0.6952402780961042,0
2023-07-28 10:49:54,659.0,208741,67,658.59,63364,145493,0.6952402780961042,0
2023-07-28 10:49:54,659.0,208741,5,658.59,63364,145493,0.6952402780961042,0
2023-07-28 10:49:54,659.0,208741,1,658.59,63364,145493,0.6952402780961042,0
2023-07-28 10:50:05,659.0,208747,1,658.59,63343,145489,0.6952402780961042,0
2023-07-28 10:50:05,659.0,208747,1,658.59,63323,145489,0.6952402780961042,0
2023-07-28 10:50:12,658.55,208750,3,658.59,63299,145489,0.6264802505920863,0
2023-07-28 10:50:12,659.0,208750,5,658.59,63299,145489,0.6952402780961042,0
2023-07-28 10:50:16,659.0,208755,5,658.59,63299,145529,0.6952402780961042,0
2023-07-28 10:50:20,659.0,208756,1,658.59,63299,145583,0.6952402780961042,0
2023-07-28 10:50:20,658.5,208756,87,658.59,63299,145583,0.618840247536092,0
2023-07-28 10:50:20,659.0,208756,1,658.59,63299,145583,0.6952402780961042,0
2023-07-28 10:50:22,659.0,208857,1,658.59,63216,145720,0.6952402780961042,0
2023-07-28 10:50:22,659.0,208857,10,658.59,63216,145720,0.6952402780961042,0
2023-07-28 10:50:22,659.0,208857,11,658.59,63216,145720,0.6952402780961042,0
2023-07-28 10:50:24,659.0,208878,11,658.59,63244,145749,0.6952402780961042,0
2023-07-28 10:50:24,659.0,208878,1,658.59,63244,145749,0.6952402780961042,0
2023-07-28 10:50:26,659.0,208879,1,658.59,63243,145747,0.6952402780961042,0
2023-07-28 10:50:26,659.0,208879,1,658.59,62943,145747,0.6952402780961042,0
2023-07-28 10:50:26,659.0,208879,32,658.59,62943,145747,0.6952402780961042,0
2023-07-28 10:50:33,659.0,209103,32,658.59,63091,145682,0.6952402780961042,0
2023-07-28 10:50:33,659.0,209103,32,658.59,63091,145974,0.6952402780961042,0
2023-07-28 10:50:33,659.0,209103,32,658.59,63091,146024,0.6952402780961042,0
2023-07-28 10:50:33,659.0,209103,10,658.59,63091,146024,0.6952402780961042,0
2023-07-28 10:50:43,659.0,209113,10,658.59,63047,146014,0.6952402780961042,0
2023-07-28 10:50:49,659.0,209114,1,658.59,63053,146028,0.6952402780961042,0
2023-07-28 10:50:49,658.5,209114,100,658.59,63053,146028,0.618840247536092,0
2023-07-28 10:50:50,658.5,209214,100,658.59,62874,146132,0.618840247536092,0
2023-07-28 10:50:50,659.0,209214,9,658.59,62874,146132,0.6952402780961042,0
2023-07-28 10:50:54,659.0,209223,9,658.59,62874,146123,0.6952402780961042,0
2023-07-28 10:50:54,658.5,209223,2,658.59,62874,146123,0.618840247536092,0
2023-07-28 10:50:56,658.5,209225,2,658.59,62876,146123,0.618840247536092,0
2023-07-28 10:50:56,658.5,209225,2,658.59,62874,146123,0.618840247536092,0
2023-07-28 10:50:56,658.5,209225,2,658.59,62894,146124,0.618840247536092,0
2023-07-28 10:50:56,659.0,209225,44,658.59,62894,146124,0.6952402780961042,0
2023-07-28 10:51:03,659.0,209269,44,658.59,62894,145510,0.6952402780961042,0
2023-07-28 10:51:03,658.5,209269,25,658.59,62894,145510,0.618840247536092,0
2023-07-28 10:51:07,658.5,209294,25,658.59,62869,145510,0.618840247536092,0
2023-07-28 10:51:07,658.5,209294,2,658.59,62869,145510,0.618840247536092,0
2023-07-28 10:51:07,658.5,209294,198,658.59,62869,145510,0.618840247536092,0
2023-07-28 10:51:13,658.5,209494,198,658.59,62373,146085,0.618840247536092,0
2023-07-28 10:51:13,658.5,209494,198,658.59,62383,145852,0.618840247536092,0
2023-07-28 10:51:13,658.25,209494,8,658.59,62383,145852,0.580640232256086,0
2023-07-28 10:51:17,658.25,209504,8,658.59,62255,149288,0.580640232256086,0
2023-07-28 10:51:22,658.5,209505,1,658.59,62255,149271,0.618840247536092,0
2023-07-28 10:51:22,658.5,209505,3,658.59,62255,149271,0.618840247536092,0
2023-07-28 10:51:23,658.5,209508,11,658.59,62256,149268,0.618840247536092,0
2023-07-28 10:51:24,658.5,209519,11,658.59,62256,149257,0.618840247536092,0
2023-07-28 10:51:29,658.5,209544,25,658.59,62249,149355,0.618840247536092,0
2023-07-28 10:51:29,658.5,209544,25,658.59,62178,149376,0.618840247536092,0
2023-07-28 10:51:29,658.5,209544,25,658.59,62178,149376,0.618840247536092,0
2023-07-28 10:51:29,658.5,209544,225,658.59,62178,149376,0.618840247536092,0
2023-07-28 10:51:36,658.5,209769,225,658.59,62128,148907,0.618840247536092,0
2023-07-28 10:51:36,658.5,209769,225,658.59,62287,148757,0.618840247536092,0
2023-07-28 10:51:36,658.5,209769,225,658.59,62287,148758,0.618840247536092,0
2023-07-28 10:51:36,658.45,209769,3,658.59,62287,148758,0.6112002444800978,0
2023-07-28 10:51:43,658.45,209772,3,658.59,62281,148870,0.6112002444800978,0
2023-07-28 10:51:43,658.45,209772,2,658.59,62281,148870,0.6112002444800978,0
2023-07-28 10:51:49,658.45,209774,2,658.59,62295,148899,0.6112002444800978,0
2023-07-28 10:51:49,658.45,209774,1,658.59,62295,148899,0.6112002444800978,0
2023-07-28 10:51:50,658.45,209775,1,658.59,62524,148898,0.6112002444800978,0
2023-07-28 10:51:50,658.45,209775,1,658.59,62543,148898,0.6112002444800978,0
2023-07-28 10:51:50,658.45,209775,1,658.59,62543,148908,0.6112002444800978,0
2023-07-28 10:51:50,658.45,209775,22,658.59,62543,148908,0.6112002444800978,0
2023-07-28 10:52:00,658.45,209797,22,658.59,62559,148885,0.6112002444800978,0
2023-07-28 10:52:00,658.15,209797,129,658.59,62559,148885,0.56536022614408,0
2023-07-28 10:52:01,658.15,209952,129,658.59,62520,148925,0.56536022614408,0
2023-07-28 10:52:01,658.15,209952,12,658.59,62520,148925,0.56536022614408,0
2023-07-28 10:52:07,658.45,209987,10,658.59,62503,149087,0.6112002444800978,0
2023-07-28 10:52:07,658.45,209987,10,658.59,62618,145727,0.6112002444800978,0
2023-07-28 10:52:07,658.45,209987,10,658.59,62648,145727,0.6112002444800978,0
2023-07-28 10:52:17,658.45,210004,2,658.59,62655,145765,0.6112002444800978,0
2023-07-28 10:52:17,658.45,210004,16,658.59,62655,145765,0.6112002444800978,0
2023-07-28 10:52:17,658.45,210004,47,658.59,62655,145765,0.6112002444800978,0
2023-07-28 10:52:18,658.45,210104,47,658.59,62785,145749,0.6112002444800978,0
2023-07-28 10:52:18,658.45,210104,47,658.59,62785,143898,0.6112002444800978,0
2023-07-28 10:52:18,658.45,210104,44,658.59,62785,143898,0.6112002444800978,0
2023-07-28 10:52:28,658.45,210154,44,658.59,62785,143898,0.6112002444800978,0
2023-07-28 10:52:28,658.45,210154,16,658.59,62785,143898,0.6112002444800978,0
2023-07-28 10:52:28,658.45,210154,34,658.59,62785,143898,0.6112002444800978,0
2023-07-28 10:52:33,658.45,210238,34,658.59,62835,143823,0.6112002444800978,0
2023-07-28 10:52:33,658.45,210238,34,658.59,62835,143866,0.6112002444800978,0
2023-07-28 10:52:33,658.45,210238,50,658.59,62835,143866,0.6112002444800978,0
2023-07-28 10:52:38,658.45,210338,50,658.59,62835,143978,0.6112002444800978,0
2023-07-28 10:52:38,658.45,210338,1,658.59,62835,143978,0.6112002444800978,0
2023-07-28 10:52:42,658.45,210339,1,658.59,62836,143977,0.6112002444800978,0
2023-07-28 10:52:42,658.25,210339,16,658.59,62836,143977,0.580640232256086,0
2023-07-28 10:52:43,658.25,210356,2,658.59,62770,143977,0.580640232256086,0
2023-07-28 10:52:46,658.25,210358,2,658.59,62773,143977,0.580640232256086,0
2023-07-28 10:52:46,658.25,210358,2,658.59,62798,144087,0.580640232256086,0
2023-07-28 10:52:46,658.25,210358,3,658.59,62769,144088,0.580640232256086,0
2023-07-28 10:52:46,658.45,210358,26,658.59,62769,144088,0.6112002444800978,0
2023-07-28 10:52:46,658.5,210358,16,658.59,62769,144088,0.618840247536092,0
2023-07-28 10:53:04,658.5,210667,1,658.59,63268,143960,0.618840247536092,0
2023-07-28 10:53:04,658.5,210667,1,658.59,63241,143960,0.618840247536092,0
2023-07-28 10:53:04,658.5,210667,1,658.59,63223,143979,0.618840247536092,0
2023-07-28 10:53:04,658.55,210667,9,658.59,63223,143979,0.6264802505920863,0
2023-07-28 10:53:15,658.55,211010,9,658.59,63221,143655,0.6264802505920863,0
2023-07-28 10:53:15,658.55,211010,9,658.59,63221,143655,0.6264802505920863,0
2023-07-28 10:53:15,658.55,211010,9,658.59,63221,143655,0.6264802505920863,0
2023-07-28 10:53:19,658.55,211082,9,658.59,63871,143598,0.6264802505920863,0
2023-07-28 10:53:19,658.55,211082,9,658.59,63854,143710,0.6264802505920863,0
2023-07-28 10:53:19,659.0,211082,22,658.59,63854,143710,0.6952402780961042,0
2023-07-28 10:53:27,659.0,211117,22,658.59,63854,143675,0.6952402780961042,0
2023-07-28 10:53:27,659.0,211117,1,658.59,63854,143725,0.6952402780961042,0
2023-07-28 10:53:31,659.0,211118,1,658.59,63855,143724,0.6952402780961042,0
2023-07-28 10:53:31,659.0,211118,16,658.59,63855,143724,0.6952402780961042,0
2023-07-28 10:53:31,659.0,211118,3,658.59,63855,143724,0.6952402780961042,0
2023-07-28 10:53:31,659.0,211118,7,658.59,63855,143724,0.6952402780961042,0
2023-07-28 10:53:31,659.0,211118,2,658.59,63855,143724,0.6952402780961042,0
2023-07-28 10:53:38,659.0,211473,2,658.59,63654,143651,0.6952402780961042,0
2023-07-28 10:53:38,659.0,211473,2,658.59,63699,143651,0.6952402780961042,0
2023-07-28 10:53:38,659.0,211473,3,658.59,63699,143651,0.6952402780961042,0
2023-07-28 10:53:44,659.0,211476,3,658.59,63829,143583,0.6952402780961042,0
2023-07-28 10:53:44,659.0,211476,3,658.59,63825,143583,0.6952402780961042,0
2023-07-28 10:53:44,659.0,211476,1,658.59,63825,143583,0.6952402780961042,0
2023-07-28 10:53:49,659.0,211477,1,658.59,63872,143560,0.6952402780961042,0
2023-07-28 10:53:49,659.0,211477,20,658.59,63872,143560,0.6952402780961042,0
2023-07-28 10:53:51,659.0,211497,20,658.59,63957,143451,0.6952402780961042,0
2023-07-28 10:53:51,659.0,211497,20,658.59,63957,143451,0.6952402780961042,0
2023-07-28 10:53:51,659.0,211497,20,658.59,64004,143551,0.6952402780961042,0
2023-07-28 10:54:05,659.0,211514,17,658.59,64080,143534,0.6952402780961042,0
2023-07-28 10:54:05,659.0,211514,10,658.59,64080,143534,0.6952402780961042,0
2023-07-28 10:54:07,659.0,211524,10,658.59,64018,143542,0.6952402780961042,0
2023-07-28 10:54:07,659.0,211524,10,658.59,63973,143542,0.6952402780961042,0
2023-07-28 10:54:07,659.0,211524,1,658.59,63973,143542,0.6952402780961042,0
2023-07-28 10:54:12,659.0,211525,1,658.59,64028,143541,0.6952402780961042,0
2023-07-28 10:54:12,659.0,211525,4,658.59,64028,143541,0.6952402780961042,0
2023-07-28 10:54:15,658.6,211529,5,658.59,64028,143537,0.634120253648098,0
2023-07-28 10:54:17,658.6,211534,5,658.59,63924,143537,0.634120253648098,0
2023-07-28 10:54:17,658.5,211534,23,658.59,63924,143537,0.618840247536092,0
2023-07-28 10:54:21,658.5,211557,23,658.59,63901,143537,0.618840247536092,0
2023-07-28 10:54:21,658.5,211557,5,658.59,63901,143537,0.618840247536092,0
2023-07-28 10:54:22,658.5,211562,5,658.59,63943,143537,0.618840247536092,0
2023-07-28 10:54:22,658.5,211562,5,658.59,63893,143557,0.618840247536092,0
2023-07-28 10:54:22,658.5,211562,5,658.59,63893,143558,0.618840247536092,0
2023-07-28 10:54:22,658.5,211562,5,658.59,63873,143558,0.618840247536092,0
2023-07-28 10:54:22,659.0,211562,1,658.59,63873,143558,0.6952402780961042,0
2023-07-28 10:54:34,659.0,211564,1,658.59,63890,143556,0.6952402780961042,0
2023-07-28 10:54:34,658.45,211564,2,658.59,63670,143976,0.6112002444800978,0
2023-07-28 10:54:38,658.45,211567,2,658.59,63684,144053,0.6112002444800978,0
2023-07-28 10:54:38,658.45,211567,25,658.59,63684,144053,0.6112002444800978,0
2023-07-28 10:54:50,658.45,211592,25,658.59,63675,144122,0.6112002444800978,0
2023-07-28 10:54:50,658.85,211592,1,658.59,63675,144122,0.672320268928104,0
2023-07-28 10:55:01,658.3,211649,16,658.59,63323,144329,0.5882802353120802,0
2023-07-28 10:55:01,658.3,211649,16,658.59,63323,144329,0.5882802353120802,0
2023-07-28 10:55:01,658.3,211649,16,658.59,63323,144419,0.5882802353120802,0
2023-07-28 10:55:06,658.75,211679,11,658.59,63323,144389,0.6570402628160982,0
2023-07-28 10:55:11,658.25,211691,12,658.59,63312,144384,0.580640232256086,0
2023-07-28 10:55:11,658.25,211691,12,658.59,63312,144416,0.580640232256086,0
2023-07-28 10:55:11,658.7,211691,15,658.59,63312,144416,0.6494002597601038,0
2023-07-28 10:55:14,658.7,211706,15,658.59,63225,144441,0.6494002597601038,0
2023-07-28 10:55:14,658.25,211706,1,658.59,63225,144441,0.580640232256086,0
2023-07-28 10:55:14,658.9,211706,24,658.59,63225,144441,0.6799602719840984,0
2023-07-28 10:55:18,658.9,212012,24,658.59,63620,144015,0.6799602719840984,0
2023-07-28 10:55:18,658.9,212012,24,658.59,63722,144053,0.6799602719840984,0
2023-07-28 10:55:18,658.9,212012,24,658.59,63753,144053,0.6799602719840984,0
2023-07-28 10:55:29,658.8,212022,10,658.59,63735,144136,0.6646802658720924,0
2023-07-28 10:55:29,658.8,212022,20,658.59,63743,144223,0.6646802658720924,0
2023-07-28 10:55:32,658.8,212042,20,658.59,63706,144208,0.6646802658720924,0
2023-07-28 10:55:32,658.8,212042,20,658.59,63746,144208,0.6646802658720924,0
2023-07-28 10:55:32,658.8,212042,20,658.59,63792,144208,0.6646802658720924,0
2023-07-28 10:55:32,658.8,212042,20,658.59,63792,144212,0.6646802658720924,0
2023-07-28 10:55:32,658.8,212042,20,658.59,63706,144215,0.6646802658720924,0
2023-07-28 10:55:32,658.8,212042,20,658.59,63594,144077,0.6646802658720924,0
2023-07-28 10:55:32,658.8,212042,20,658.59,63624,144227,0.6646802658720924,0
2023-07-28 10:55:32,658.75,212042,2,658.59,63624,144227,0.6570402628160982,0
2023-07-28 10:55:55,658.8,212047,1,658.59,63764,144956,0.6646802658720924,0
2023-07-28 10:55:55,658.2,212047,15,658.59,63764,144956,0.5730002292000916,0
2023-07-28 10:55:59,658.75,212168,11,658.59,63421,144953,0.6570402628160982,0
2023-07-28 10:56:02,658.75,212171,3,658.59,63435,144942,0.6570402628160982,0
2023-07-28 10:56:02,658.75,212171,1,658.59,63435,144942,0.6570402628160982,0
2023-07-28 10:56:02,658.25,212171,1,658.59,63435,144942,0.580640232256086,0
2023-07-28 10:56:04,658.25,212175,1,658.59,63474,144956,0.580640232256086,0
2023-07-28 10:56:04,658.25,212175,1,658.59,63474,144958,0.580640232256086,0
2023-07-28 10:56:04,658.25,212175,5,658.59,63474,144958,0.580640232256086,0
2023-07-28 10:56:04,658.75,212175,5,658.59,63474,144958,0.6570402628160982,0
2023-07-28 10:56:13,658.75,212185,5,658.59,63469,145013,0.6570402628160982,0
2023-07-28 10:56:13,658.75,212185,5,658.59,63359,145013,0.6570402628160982,0
2023-07-28 10:56:13,658.25,212185,40,658.59,63359,145013,0.580640232256086,0
2023-07-28 10:56:17,658.25,212225,40,658.59,63306,145013,0.580640232256086,0
2023-07-28 10:56:17,658.25,212225,2,658.59,63306,145013,0.580640232256086,0
2023-07-28 10:56:20,658.25,212227,2,658.59,63252,144913,0.580640232256086,0
2023-07-28 10:56:20,658.25,212227,1,658.59,63252,144913,0.580640232256086,0
2023-07-28 10:56:24,658.25,212228,1,658.59,63251,144914,0.580640232256086,0
2023-07-28 10:56:24,658.75,212228,5,658.59,63251,144914,0.6570402628160982,0
2023-07-28 10:56:26,658.75,212233,5,658.59,63251,144908,0.6570402628160982,0
2023-07-28 10:56:26,658.75,212233,5,658.59,63276,144908,0.6570402628160982,0
2023-07-28 10:56:26,658.75,212233,1,658.59,63276,144908,0.6570402628160982,0
2023-07-28 10:56:33,658.75,212234,1,658.59,63276,144907,0.6570402628160982,0
2023-07-28 10:56:33,658.75,212234,1,658.59,62801,144907,0.6570402628160982,0
2023-07-28 10:56:33,658.75,212234,2,658.59,62801,144907,0.6570402628160982,0
2023-07-28 10:56:39,658.75,212236,2,658.59,62850,144897,0.6570402628160982,0
2023-07-28 10:56:39,658.25,212236,49,658.59,62850,144897,0.580640232256086,0
2023-07-28 10:56:44,658.25,212306,49,658.59,62805,144945,0.580640232256086,0
2023-07-28 10:56:49,658.75,212581,83,658.59,63063,144837,0.6570402628160982,0
2023-07-28 10:56:49,658.75,212581,83,658.59,63063,144882,0.6570402628160982,0
2023-07-28 10:56:49,658.5,212581,4,658.59,63063,144882,0.618840247536092,0
2023-07-28 10:56:53,658.5,212585,4,658.59,63149,144982,0.618840247536092,0
2023-07-28 10:56:53,658.5,212585,4,658.59,63140,145127,0.618840247536092,0
2023-07-28 10:56:53,658.5,212585,4,658.59,63154,145217,0.618840247536092,0
2023-07-28 10:57:08,658.75,212587,4,658.59,63270,145223,0.6570402628160982,0
2023-07-28 10:57:08,658.75,212587,1,658.59,63270,145223,0.6570402628160982,0
2023-07-28 10:57:10,658.75,212592,1,658.59,63738,145212,0.6570402628160982,0
2023-07-28 10:57:10,658.75,212592,3,658.59,63738,145212,0.6570402628160982,0
2023-07-28 10:57:10,658.5,212592,2,658.59,63738,145212,0.618840247536092,0
2023-07-28 10:57:15,658.5,212597,2,658.59,63736,145160,0.618840247536092,0
2023-07-28 10:57:15,658.75,212597,1,658.59,63736,145160,0.6570402628160982,0
2023-07-28 10:57:19,658.75,212598,1,658.59,63736,145158,0.6570402628160982,0
2023-07-28 10:57:19,658.5,212598,2,658.59,63736,145158,0.618840247536092,0
2023-07-28 10:57:22,658.75,212602,34,658.59,63731,145159,0.6570402628160982,0
2023-07-28 10:57:23,658.75,212702,34,658.59,63731,145059,0.6570402628160982,0
2023-07-28 10:57:23,658.75,212702,25,658.59,63731,145059,0.6570402628160982,0
2023-07-28 10:57:31,658.75,212727,25,658.59,63731,145034,0.6570402628160982,0
2023-07-28 10:57:31,658.75,212727,25,658.59,63670,145184,0.6570402628160982,0
2023-07-28 10:57:31,658.75,212727,25,658.59,63668,145184,0.6570402628160982,0
2023-07-28 10:57:39,658.7,212751,24,658.59,63668,145194,0.6494002597601038,0
2023-07-28 10:57:39,658.7,212751,2,658.59,63668,145194,0.6494002597601038,0
2023-07-28 10:57:40,658.7,212753,2,658.59,63830,145191,0.6494002597601038,0
2023-07-28 10:57:40,658.5,212753,3,658.59,63830,145191,0.618840247536092,0
2023-07-28 10:57:44,658.5,212765,1,658.59,63869,145191,0.618840247536092,0
2023-07-28 10:57:44,658.7,212765,20,658.59,63869,145191,0.6494002597601038,0
2023-07-28 10:57:47,658.7,212796,4,658.59,63869,145161,0.6494002597601038,0
2023-07-28 10:57:47,658.7,212800,4,658.59,63879,145132,0.6494002597601038,0
2023-07-28 10:57:47,658.7,212800,4,658.59,63779,145132,0.6494002597601038,0
2023-07-28 10:57:55,658.5,212815,12,658.59,63666,145131,0.618840247536092,0
2023-07-28 10:57:55,658.5,212815,12,658.59,63666,145131,0.618840247536092,0
2023-07-28 10:57:58,658.7,212816,1,658.59,63571,144983,0.6494002597601038,0
2023-07-28 10:57:58,658.7,212816,1,658.59,63571,144983,0.6494002597601038,0
2023-07-28 10:57:59,658.7,212817,1,658.59,63502,145132,0.6494002597601038,0
2023-07-28 10:57:59,658.7,212817,1,658.59,63623,145177,0.6494002597601038,0
2023-07-28 10:58:08,658.7,212824,7,658.59,63533,145297,0.6494002597601038,0
2023-07-28 10:58:08,658.7,212824,7,658.59,63614,145297,0.6494002597601038,0
2023-07-28 10:58:08,658.7,212824,7,658.59,63614,145347,0.6494002597601038,0
2023-07-28 10:58:08,658.5,212824,2,658.59,63614,145347,0.618840247536092,0
2023-07-28 10:58:25,658.65,212838,20,658.59,63283,145445,0.6417602567040922,0
2023-07-28 10:58:27,658.65,212858,20,658.59,63283,145475,0.6417602567040922,0
2023-07-28 10:58:27,658.65,212858,20,658.59,63283,145520,0.6417602567040922,0
2023-07-28 10:58:27,658.65,212858,20,658.59,63312,145520,0.6417602567040922,0
2023-07-28 10:58:27,658.65,212858,20,658.59,63312,145545,0.6417602567040922,0
2023-07-28 10:58:27,658.5,212858,4,658.59,63312,145545,0.618840247536092,0
2023-07-28 10:58:45,658.7,212862,29,658.59,63503,145514,0.6494002597601038,0
2023-07-28 10:58:46,658.7,212892,29,658.59,63493,145585,0.6494002597601038,0
2023-07-28 10:58:46,658.65,212892,16,658.59,63493,145585,0.6417602567040922,0
2023-07-28 10:58:49,658.65,212908,16,658.59,63494,145569,0.6417602567040922,0
2023-07-28 10:58:49,658.3,212908,2,658.59,63494,145569,0.5882802353120802,0
2023-07-28 10:58:52,658.3,212910,2,658.59,63491,145599,0.5882802353120802,0
2023-07-28 10:58:52,658.3,212910,2,658.59,63491,145600,0.5882802353120802,0
2023-07-28 10:58:52,658.65,212910,1,658.59,63491,145600,0.6417602567040922,0
2023-07-28 10:58:58,658.65,212911,1,658.59,63491,145599,0.6417602567040922,0
2023-07-28 10:58:58,658.65,212911,8,658.59,63491,145599,0.6417602567040922,0
2023-07-28 10:59:01,658.65,212919,8,658.59,63591,145591,0.6417602567040922,0
2023-07-28 10:59:01,658.3,212919,11,658.59,63591,145591,0.5882802353120802,0
2023-07-28 10:59:02,658.3,212930,11,658.59,63580,145606,0.5882802353120802,0
2023-07-28 10:59:02,658.65,212930,40,658.59,63582,145606,0.6417602567040922,0
2023-07-28 10:59:02,658.3,212930,20,658.59,63582,145606,0.5882802353120802,0
2023-07-28 10:59:08,658.3,212990,20,658.59,63562,145616,0.5882802353120802,0
2023-07-28 10:59:08,658.65,212990,10,658.59,63562,145616,0.6417602567040922,0
2023-07-28 10:59:11,658.65,213000,10,658.59,63563,145606,0.6417602567040922,0
2023-07-28 10:59:11,658.65,213000,10,658.59,63605,145558,0.6417602567040922,0
2023-07-28 10:59:16,658.3,213005,5,658.59,63600,145560,0.5882802353120802,0
2023-07-28 10:59:16,658.65,213005,1,658.59,63600,145560,0.6417602567040922,0
2023-07-28 10:59:23,658.3,213030,24,658.59,63576,145533,0.5882802353120802,0
2023-07-28 10:59:23,658.3,213030,10,658.59,63576,145533,0.5882802353120802,0
2023-07-28 10:59:23,658.3,213040,10,658.59,63566,145534,0.5882802353120802,0
2023-07-28 10:59:23,658.75,213040,18,658.59,63566,145534,0.6570402628160982,0
2023-07-28 10:59:28,658.75,213060,18,658.59,63486,145582,0.6570402628160982,0
2023-07-28 10:59:28,658.75,213060,18,658.59,63493,145590,0.6570402628160982,0
2023-07-28 10:59:28,658.75,213060,18,658.59,63493,145590,0.6570402628160982,0
2023-07-28 10:59:28,658.45,213060,3,658.59,63493,145590,0.6112002444800978,0
2023-07-28 10:59:37,658.45,213063,3,658.59,63443,145407,0.6112002444800978,0
2023-07-28 10:59:37,658.45,213063,3,658.59,63472,145407,0.6112002444800978,0
2023-07-28 10:59:37,658.3,213063,2,658.59,63472,145407,0.5882802353120802,0
2023-07-28 10:59:41,658.3,213065,2,658.59,63538,145617,0.5882802353120802,0
2023-07-28 10:59:41,658.45,213065,1,658.59,63538,145617,0.6112002444800978,0
2023-07-28 10:59:44,658.45,213066,1,658.59,63538,145551,0.6112002444800978,0
2023-07-28 10:59:44,658.45,213066,8,658.59,63538,145551,0.6112002444800978,0
2023-07-28 10:59:48,658.45,213074,8,658.59,63538,145643,0.6112002444800978,0
2023-07-28 10:59:48,658.45,213074,8,658.59,63578,145643,0.6112002444800978,0
2023-07-28 10:59:48,658.45,213074,8,658.59,63579,145643,0.6112002444800978,0
2023-07-28 10:59:48,658.45,213074,20,658.59,63579,145643,0.6112002444800978,0
2023-07-28 10:59:55,658.45,213094,20,658.59,63579,145623,0.6112002444800978,0
2023-07-28 10:59:55,658.45,213094,1,658.59,63579,145623,0.6112002444800978,0
2023-07-28 10:59:55,658.5,213094,3,658.59,63579,145623,0.618840247536092,0
2023-07-28 10:59:58,658.5,213100,3,658.59,63579,145609,0.618840247536092,0
2023-07-28 10:59:58,658.5,213100,3,658.59,63579,145554,0.618840247536092,0
2023-07-28 10:59:58,658.65,213100,3,658.59,63579,145554,0.6417602567040922,0
2023-07-28 11:00:02,658.65,213200,3,658.59,63532,145287,0.6417602567040922,0
2023-07-28 11:00:02,658.65,213200,1,658.59,63532,145287,0.6417602567040922,0
2023-07-28 11:00:07,658.65,213201,1,658.59,63528,145289,0.6417602567040922,0
2023-07-28 11:00:09,658.75,213226,6,658.59,63506,145280,0.6570402628160982,0
2023-07-28 11:00:09,658.75,213226,6,658.59,63497,145325,0.6570402628160982,0
2023-07-28 11:00:09,658.75,213226,6,658.59,63497,145325,0.6570402628160982,0
2023-07-28 11:00:09,658.75,213226,50,658.59,63497,145325,0.6570402628160982,0
2023-07-28 11:00:17,658.75,213276,50,658.59,63454,145275,0.6570402628160982,0
2023-07-28 11:00:17,658.75,213276,50,658.59,63454,145275,0.6570402628160982,0
2023-07-28 11:00:17,658.75,213276,50,658.59,63605,145295,0.6570402628160982,0
2023-07-28 11:00:17,658.75,213276,50,658.59,63640,145295,0.6570402628160982,0
2023-07-28 11:00:17,658.3,213276,44,658.59,63640,145295,0.5882802353120802,0
2023-07-28 11:00:28,658.3,213330,44,658.59,63519,145258,0.5882802353120802,0
2023-07-28 11:00:28,658.75,213330,10,658.59,63520,145258,0.6570402628160982,0
2023-07-28 11:00:28,658.65,213330,3,658.59,63520,145258,0.6417602567040922,0
2023-07-28 11:00:34,658.65,213343,3,658.59,63542,145244,0.6417602567040922,0
2023-07-28 11:00:34,658.3,213343,1,658.59,63542,145244,0.5882802353120802,0
2023-07-28 11:00:36,658.65,213344,1,658.59,63535,145315,0.6417602567040922,0
2023-07-28 11:00:39,658.65,213345,1,658.59,63536,145314,0.6417602567040922,0
2023-07-28 11:00:39,658.65,213345,5,658.59,63536,145314,0.6417602567040922,0
2023-07-28 11:00:42,658.65,213350,5,658.59,63538,145309,0.6417602567040922,0
2023-07-28 11:00:42,658.65,213350,5,658.59,63537,145357,0.6417602567040922,0
2023-07-28 11:00:42,658.65,213350,5,658.59,63637,145357,0.6417602567040922,0
2023-07-28 11:00:42,658.3,213350,100,658.59,63637,145357,0.5882802353120802,0
2023-07-28 11:00:42,658.3,213350,25,658.59,63637,145357,0.5882802353120802,0
2023-07-28 11:00:50,658.3,213475,25,658.59,63512,145365,0.5882802353120802,0
2023-07-28 11:00:50,658.6,213475,1,658.59,63512,145365,0.634120253648098,0
2023-07-28 11:00:53,658.3,213503,10,658.59,63486,145370,0.5882802353120802,0
2023-07-28 11:00:53,658.3,213503,4,658.59,63486,145370,0.5882802353120802,0
2023-07-28 11:00:56,658.3,213507,4,658.59,63483,145379,0.5882802353120802,0
2023-07-28 11:00:56,658.6,213507,7,658.59,63483,145379,0.634120253648098,0
2023-07-28 11:01:00,658.6,213514,7,658.59,63483,145328,0.634120253648098,0
2023-07-28 11:01:00,658.8,213514,15,658.59,63483,145328,0.6646802658720924,0
2023-07-28 11:01:03,658.8,213878,15,658.59,63596,145072,0.6646802658720924,0
2023-07-28 11:01:03,658.8,213878,15,658.59,63597,145127,0.6646802658720924,0
2023-07-28 11:01:03,658.8,213878,15,658.59,63514,145126,0.6646802658720924,0
2023-07-28 11:01:03,658.8,213878,15,658.59,63515,145126,0.6646802658720924,0
2023-07-28 11:01:03,658.8,213878,15,658.59,63515,145126,0.6646802658720924,0
2023-07-28 11:01:03,658.8,213878,15,658.59,63821,145136,0.6646802658720924,0
2023-07-28 11:01:03,658.5,213878,10,658.59,63821,145136,0.618840247536092,0
2023-07-28 11:01:20,658.5,213888,10,658.59,63828,145255,0.618840247536092,0
2023-07-28 11:01:20,658.5,213888,10,658.59,63829,145255,0.618840247536092,0
2023-07-28 11:01:20,658.3,213888,59,658.59,63829,145255,0.5882802353120802,0
2023-07-28 11:01:28,658.3,214249,10,658.59,63538,145339,0.5882802353120802,0
2023-07-28 11:01:28,658.3,214249,1,658.59,63538,145339,0.5882802353120802,0
2023-07-28 11:01:29,658.3,214260,1,658.59,63528,145322,0.5882802353120802,0
2023-07-28 11:01:29,658.3,214260,1,658.59,63529,145330,0.5882802353120802,0
2023-07-28 11:01:29,658.3,214260,1,658.59,63529,145330,0.5882802353120802,0
2023-07-28 11:01:29,658.3,214260,1,658.59,63531,145360,0.5882802353120802,0
2023-07-28 11:01:29,658.3,214260,25,658.59,63531,145360,0.5882802353120802,0
2023-07-28 11:01:41,658.3,214285,25,658.59,63557,145385,0.5882802353120802,0
2023-07-28 11:01:46,658.45,214290,3,658.59,63668,145383,0.6112002444800978,0
2023-07-28 11:01:46,658.45,214290,10,658.59,63668,145383,0.6112002444800978,0
2023-07-28 11:01:49,658.45,214302,10,658.59,63657,145380,0.6112002444800978,0
2023-07-28 11:01:49,658.45,214302,10,658.59,63660,145385,0.6112002444800978,0
2023-07-28 11:01:49,658.45,214302,10,658.59,63660,145385,0.6112002444800978,0
2023-07-28 11:01:56,658.45,214312,10,658.59,63650,145385,0.6112002444800978,0
2023-07-28 11:01:59,658.45,214361,49,658.59,63667,145381,0.6112002444800978,0
2023-07-28 11:01:59,658.5,214361,42,658.59,63667,145381,0.618840247536092,0
2023-07-28 11:02:01,658.5,214415,42,658.59,63671,145328,0.618840247536092,0
2023-07-28 11:02:01,658.5,214415,14,658.59,63671,145328,0.618840247536092,0
2023-07-28 11:02:07,658.3,214439,6,658.59,63714,145295,0.5882802353120802,0
2023-07-28 11:02:07,658.5,214439,5,658.59,63714,145295,0.618840247536092,0
2023-07-28 11:02:08,658.5,214454,5,658.59,63704,145290,0.618840247536092,0
2023-07-28 11:02:08,658.3,214454,7,658.59,63704,145290,0.5882802353120802,0
2023-07-28 11:02:11,658.3,214461,7,658.59,63697,145290,0.5882802353120802,0
2023-07-28 11:02:11,658.3,214461,7,658.59,63802,145490,0.5882802353120802,0
2023-07-28 11:02:11,658.3,214461,7,658.59,63852,145540,0.5882802353120802,0
2023-07-28 11:02:11,658.5,214461,4,658.59,63852,145540,0.618840247536092,0
2023-07-28 11:02:22,658.5,214466,4,658.59,63854,145480,0.618840247536092,0
2023-07-28 11:02:25,658.5,214616,6,658.59,63874,145478,0.618840247536092,0
2023-07-28 11:02:33,658.5,214709,20,658.59,63970,145272,0.618840247536092,0
2023-07-28 11:02:33,658.5,214709,20,658.59,63970,145289,0.618840247536092,0
2023-07-28 11:02:33,658.5,214709,20,658.59,64070,145289,0.618840247536092,0
2023-07-28 11:02:33,658.5,214709,20,658.59,64095,145289,0.618840247536092,0
2023-07-28 11:02:33,658.8,214709,56,658.59,64095,145289,0.6646802658720924,0
2023-07-28 11:02:46,658.8,214860,1,658.59,64145,145291,0.6646802658720924,0
2023-07-28 11:02:46,658.8,214860,24,658.59,64145,145291,0.6646802658720924,0
2023-07-28 11:02:46,658.8,214860,23,658.59,64145,145291,0.6646802658720924,0
2023-07-28 11:02:48,658.8,214934,23,658.59,64167,145325,0.6646802658720924,0
2023-07-28 11:02:48,658.8,214934,23,658.59,64167,145375,0.6646802658720924,0
2023-07-28 11:02:48,658.8,214934,23,658.59,64179,145376,0.6646802658720924,0
2023-07-28 11:02:48,658.8,214934,7,658.59,64179,145376,0.6646802658720924,0
2023-07-28 11:02:48,658.5,214934,1,658.59,64179,145376,0.618840247536092,0
2023-07-28 11:02:57,658.5,214942,1,658.59,64250,145252,0.618840247536092,0
2023-07-28 11:02:57,658.5,214942,1,658.59,64245,145252,0.618840247536092,0
2023-07-28 11:02:57,658.8,214942,50,658.59,64245,145252,0.6646802658720924,0
2023-07-28 11:03:04,658.8,214992,50,658.59,64255,145202,0.6646802658720924,0
2023-07-28 11:03:04,658.8,214992,14,658.59,64255,145202,0.6646802658720924,0
2023-07-28 11:03:04,658.5,214992,2,658.59,64255,145202,0.618840247536092,0
2023-07-28 11:03:08,658.8,215146,2,658.59,64248,145266,0.6646802658720924,0
2023-07-28 11:03:08,658.8,215146,2,658.59,64248,145266,0.6646802658720924,0
2023-07-28 11:03:08,658.8,215146,2,658.59,64343,145287,0.6646802658720924,0
2023-07-28 11:03:08,658.75,215146,11,658.59,64343,145287,0.6570402628160982,0
2023-07-28 11:03:18,658.75,215157,11,658.59,64225,145503,0.6570402628160982,0
2023-07-28 11:03:18,658.75,215157,4,658.59,64225,145503,0.6570402628160982,0
2023-07-28 11:03:21,658.75,215161,2,658.59,64225,145506,0.6570402628160982,0
2023-07-28 11:03:22,658.75,215163,2,658.59,64225,145504,0.6570402628160982,0
2023-07-28 11:03:22,658.35,215163,34,658.59,64225,145504,0.5959202383680918,0
2023-07-28 11:03:22,658.75,215163,150,658.59,64225,145504,0.6570402628160982,0
2023-07-28 11:03:26,658.75,215400,150,658.59,64002,145388,0.6570402628160982,0
2023-07-28 11:03:26,658.75,215400,150,658.59,64002,145388,0.6570402628160982,0
2023-07-28 11:03:26,658.3,215400,1,658.59,64002,145388,0.5882802353120802,0
2023-07-28 11:03:31,658.3,215401,1,658.59,64001,145388,0.5882802353120802,0
2023-07-28 11:03:31,658.8,215401,2,658.59,64001,145388,0.6646802658720924,0
2023-07-28 11:03:34,658.8,215691,2,658.59,64022,145407,0.6646802658720924,0
2023-07-28 11:03:34,658.3,215691,4,658.59,64022,145407,0.5882802353120802,0
2023-07-28 11:03:37,658.3,215716,4,658.59,63947,145407,0.5882802353120802,0
2023-07-28 11:03:37,658.3,215716,4,658.59,64022,145629,0.5882802353120802,0
2023-07-28 11:03:47,658.8,215726,4,658.59,64022,145707,0.6646802658720924,0
2023-07-28 11:03:47,658.8,215726,4,658.59,64007,145662,0.6646802658720924,0
2023-07-28 11:03:47,658.8,215726,4,658.59,64010,144343,0.6646802658720924,0
2023-07-28 11:03:47,658.8,215726,6,658.59,64010,144343,0.6646802658720924,0
2023-07-28 11:03:54,658.8,215732,6,658.59,64010,144327,0.6646802658720924,0
2023-07-28 11:03:54,658.8,215732,6,658.59,64158,144302,0.6646802658720924,0
2023-07-28 11:03:54,658.8,215732,81,658.59,64158,144302,0.6646802658720924,0
2023-07-28 11:03:59,658.8,215813,81,658.59,64171,144256,0.6646802658720924,0
2023-07-28 11:03:59,658.8,215813,1,658.59,64171,144256,0.6646802658720924,0
2023-07-28 11:04:01,658.8,215823,3,658.59,64158,144346,0.6646802658720924,0
2023-07-28 11:04:01,658.8,215823,6,658.59,64158,144346,0.6646802658720924,0
2023-07-28 11:04:01,658.8,215823,50,658.59,64158,144346,0.6646802658720924,0
2023-07-28 11:04:03,658.8,215886,50,658.59,64152,144446,0.6646802658720924,0
2023-07-28 11:04:03,658.8,215886,50,658.59,64152,144446,0.6646802658720924,0
2023-07-28 11:04:03,658.8,215886,48,658.59,64152,144451,0.6646802658720924,0
2023-07-28 11:04:03,658.3,215886,1,658.59,64152,144451,0.5882802353120802,0
2023-07-28 11:04:10,658.3,215987,1,658.59,64104,144562,0.5882802353120802,0
2023-07-28 11:04:10,658.3,215987,6,658.59,64104,144562,0.5882802353120802,0
2023-07-28 11:04:17,658.3,216014,6,658.59,64087,144635,0.5882802353120802,0
2023-07-28 11:04:17,658.8,216014,8,658.59,64087,144635,0.6646802658720924,0
2023-07-28 11:04:17,658.8,216014,8,658.59,64087,144635,0.6646802658720924,0
2023-07-28 11:04:19,658.8,216032,8,658.59,64100,144689,0.6646802658720924,0
2023-07-28 11:04:19,658.8,216032,56,658.59,64100,144689,0.6646802658720924,0
2023-07-28 11:04:21,658.8,216088,56,658.59,64151,144633,0.6646802658720924,0
2023-07-28 11:04:21,658.8,216088,56,658.59,64161,144633,0.6646802658720924,0
2023-07-28 11:04:21,658.8,216088,10,658.59,64161,144633,0.6646802658720924,0
2023-07-28 11:04:21,658.8,216088,10,658.59,64161,144633,0.6646802658720924,0
2023-07-28 11:04:26,658.8,216108,10,658.59,64311,144574,0.6646802658720924,0
2023-07-28 11:04:26,658.4,216108,50,658.59,64311,144574,0.6035602414240862,0
2023-07-28 11:04:26,658.8,216108,10,658.59,64311,144574,0.6646802658720924,0
2023-07-28 11:04:33,658.8,216168,10,658.59,64305,144564,0.6646802658720924,0
2023-07-28 11:04:33,658.4,216168,10,658.59,64305,144564,0.6035602414240862,0
2023-07-28 11:04:33,658.8,216168,9,658.59,64305,144564,0.6646802658720924,0
2023-07-28 11:04:36,658.8,216193,9,658.59,64282,144606,0.6646802658720924,0
2023-07-28 11:04:36,658.4,216193,1,658.59,64282,144606,0.6035602414240862,0
2023-07-28 11:04:39,658.8,216316,57,658.59,64626,144515,0.6646802658720924,0
2023-07-28 11:04:39,658.4,216316,3,658.59,64626,144515,0.6035602414240862,0
2023-07-28 11:04:40,658.4,216607,3,658.59,64139,144843,0.6035602414240862,0
2023-07-28 11:04:40,658.8,216607,20,658.59,64139,144843,0.6646802658720924,0
2023-07-28 11:04:44,658.4,216629,2,658.59,64137,144827,0.6035602414240862,0
2023-07-28 11:04:44,658.8,216629,10,658.59,64137,144827,0.6646802658720924,0
2023-07-28 11:04:46,658.8,216639,10,658.59,64132,144813,0.6646802658720924,0
2023-07-28 11:04:46,658.8,216639,6,658.59,64132,144813,0.6646802658720924,0
2023-07-28 11:04:48,658.8,216645,6,658.59,64128,144812,0.6646802658720924,0
2023-07-28 11:04:55,658.85,216655,10,658.59,64173,144662,0.672320268928104,0
2023-07-28 11:04:55,658.85,216655,10,658.59,64263,144636,0.672320268928104,0
2023-07-28 11:04:55,658.85,216655,10,658.59,64431,144539,0.672320268928104,0
2023-07-28 11:04:55,658.85,216655,10,658.59,64431,144566,0.672320268928104,0
2023-07-28 11:04:55,658.85,216655,10,658.59,64435,144566,0.672320268928104,0
2023-07-28 11:05:07,658.85,216656,1,658.59,64435,144565,0.672320268928104,0
2023-07-28 11:05:07,658.85,216656,1,658.59,64435,144640,0.672320268928104,0
2023-07-28 11:05:07,658.85,216656,1,658.59,64435,144693,0.672320268928104,0
2023-07-28 11:05:07,659.0,216656,5,658.59,64435,144693,0.6952402780961042,0
2023-07-28 11:05:07,658.8,216656,115,658.59,64435,144693,0.6646802658720924,0
2023-07-28 11:05:07,658.4,216656,2,658.59,64435,144693,0.6035602414240862,0
2023-07-28 11:05:07,658.75,216656,20,658.59,64435,144693,0.6570402628160982,0
2023-07-28 11:05:17,658.75,216910,20,658.59,64136,148125,0.6570402628160982,0
2023-07-28 11:05:17,658.4,216910,2,658.59,64136,148125,0.6035602414240862,0
2023-07-28 11:05:19,658.4,216937,2,658.59,64105,148145,0.6035602414240862,0
2023-07-28 11:05:22,658.75,216952,15,658.59,64026,148130,0.6570402628160982,0
2023-07-28 11:05:22,658.75,216952,15,658.59,64026,148130,0.6570402628160982,0
2023-07-28 11:05:22,658.75,216952,2,658.59,64026,148130,0.6570402628160982,0
2023-07-28 11:05:22,658.75,216952,56,658.59,64026,148130,0.6570402628160982,0
2023-07-28 11:05:29,658.75,217037,56,658.59,64135,148029,0.6570402628160982,0
2023-07-28 11:05:29,658.8,217037,7,658.59,64135,148029,0.6646802658720924,0
2023-07-28 11:05:33,658.8,217047,7,658.59,64135,148019,0.6646802658720924,0
2023-07-28 11:05:33,658.8,217047,1,658.59,64135,148019,0.6646802658720924,0
2023-07-28 11:05:35,658.8,217048,1,658.59,64140,147818,0.6646802658720924,0
2023-07-28 11:05:35,658.85,217048,2,658.59,64140,147818,0.672320268928104,0
2023-07-28 11:05:38,658.85,217058,2,658.59,64140,147808,0.672320268928104,0
2023-07-28 11:05:38,658.85,217058,10,658.59,64140,147831,0.672320268928104,0
2023-07-28 11:05:43,658.85,217068,10,658.59,64109,147821,0.672320268928104,0
2023-07-28 11:05:43,658.85,217068,10,658.59,64109,147879,0.672320268928104,0
2023-07-28 11:05:50,658.8,217078,10,658.59,64109,147864,0.6646802658720924,0
2023-07-28 11:05:50,658.8,217078,10,658.59,64039,147869,0.6646802658720924,0
2023-07-28 11:05:50,658.8,217078,3,658.59,64039,147869,0.6646802658720924,0
2023-07-28 11:05:58,658.8,217101,20,658.59,64042,147846,0.6646802658720924,0
2023-07-28 11:05:58,658.8,217101,1,658.59,64042,147846,0.6646802658720924,0
2023-07-28 11:05:58,658.8,217101,2,658.59,64042,147846,0.6646802658720924,0
2023-07-28 11:06:02,658.8,217115,2,658.59,64039,147835,0.6646802658720924,0
2023-07-28 11:06:02,658.8,217115,2,658.59,64039,147983,0.6646802658720924,0
2023-07-28 11:06:08,658.75,217125,10,658.59,64039,147956,0.6570402628160982,0
2023-07-28 11:06:08,658.75,217125,15,658.59,64039,147956,0.6570402628160982,0
2023-07-28 11:06:10,658.75,217140,15,658.59,64039,147941,0.6570402628160982,0
2023-07-28 11:06:10,658.75,217140,15,658.59,64124,144357,0.6570402628160982,0
2023-07-28 11:06:10,658.4,217140,22,658.59,64124,144357,0.6035602414240862,0
2023-07-28 11:06:10,658.75,217140,10,658.59,64124,144357,0.6570402628160982,0
2023-07-28 11:06:10,658.75,217140,2,658.59,64124,144357,0.6570402628160982,0
2023-07-28 11:06:15,658.75,217210,2,658.59,64070,144305,0.6570402628160982,0
2023-07-28 11:06:15,658.3,217210,3,658.59,64070,144305,0.5882802353120802,0
2023-07-28 11:06:18,658.3,217261,3,658.59,63787,144310,0.5882802353120802,0
2023-07-28 11:06:18,658.8,217261,7,658.59,63787,144310,0.6646802658720924,0
2023-07-28 11:06:18,658.8,217261,1,658.59,63787,144310,0.6646802658720924,0
2023-07-28 11:06:21,658.8,217319,1,658.59,63929,144097,0.6646802658720924,0
2023-07-28 11:06:21,658.8,217319,10,658.59,63929,144097,0.6646802658720924,0
2023-07-28 11:06:22,658.8,217329,10,658.59,63929,144094,0.6646802658720924,0
2023-07-28 11:06:22,658.35,217329,30,658.59,63929,144094,0.5959202383680918,0
2023-07-28 11:06:25,658.35,217359,30,658.59,63899,144094,0.5959202383680918,0
2023-07-28 11:06:25,658.35,217359,30,658.59,63904,144094,0.5959202383680918,0
2023-07-28 11:06:25,658.8,217359,6,658.59,63904,144094,0.6646802658720924,0
2023-07-28 11:06:30,658.8,217369,6,658.59,63866,147668,0.6646802658720924,0
2023-07-28 11:06:30,658.8,217369,6,658.59,63866,147692,0.6646802658720924,0
2023-07-28 11:06:30,658.3,217369,55,658.59,63866,147692,0.5882802353120802,0
2023-07-28 11:06:36,658.3,217624,55,658.59,63390,148141,0.5882802353120802,0
2023-07-28 11:06:36,658.7,217624,1,658.59,63390,148141,0.6494002597601038,0
2023-07-28 11:06:36,658.7,217624,10,658.59,63390,148141,0.6494002597601038,0
2023-07-28 11:06:38,658.7,217660,10,658.59,63389,148047,0.6494002597601038,0
2023-07-28 11:06:38,658.7,217660,10,658.59,63268,148251,0.6494002597601038,0
2023-07-28 11:06:38,658.7,217660,1,658.59,63268,148251,0.6494002597601038,0
2023-07-28 11:06:45,658.7,217670,1,658.59,63268,148318,0.6494002597601038,0
2023-07-28 11:06:45,658.7,217670,1,658.59,63275,148248,0.6494002597601038,0
2023-07-28 11:06:45,658.6,217670,10,658.59,63275,148248,0.634120253648098,0
2023-07-28 11:06:52,658.6,217690,10,658.59,63275,148261,0.634120253648098,0
2023-07-28 11:06:52,658.6,217690,10,658.59,63272,148367,0.634120253648098,0
2023-07-28 11:06:58,658.6,217729,16,658.59,63730,148014,0.634120253648098,0
2023-07-28 11:06:58,658.6,217729,1,658.59,63730,148014,0.634120253648098,0
2023-07-28 11:07:02,658.6,217740,1,658.59,63567,148336,0.634120253648098,0
2023-07-28 11:07:02,658.6,217740,1,658.59,63573,148275,0.634120253648098,0
2023-07-28 11:07:02,658.6,217740,1,658.59,63583,148276,0.634120253648098,0
2023-07-28 11:07:02,658.6,217740,8,658.59,63583,148276,0.634120253648098,0
2023-07-28 11:07:11,658.6,217750,8,658.59,63587,148266,0.634120253648098,0
2023-07-28 11:07:11,658.65,217750,1,658.59,63587,148266,0.6417602567040922,0
2023-07-28 11:07:12,658.65,217760,1,658.59,63583,148228,0.6417602567040922,0
2023-07-28 11:07:12,658.65,217760,1,658.59,63582,148228,0.6417602567040922,0
2023-07-28 11:07:12,658.65,217760,1,658.59,63592,148228,0.6417602567040922,0
2023-07-28 11:07:12,658.2,217760,80,658.59,63592,148228,0.5730002292000916,0
2023-07-28 11:07:23,658.2,217846,80,658.59,63431,148238,0.5730002292000916,0
2023-07-28 11:07:23,658.2,217846,80,658.59,63471,148238,0.5730002292000916,0
2023-07-28 11:07:23,658.2,217846,80,658.59,63506,148238,0.5730002292000916,0
2023-07-28 11:07:23,658.6,217846,2,658.59,63506,148238,0.634120253648098,0
2023-07-28 11:07:31,658.6,217848,2,658.59,63506,148176,0.634120253648098,0
2023-07-28 11:07:31,658.6,217848,2,658.59,63526,147979,0.634120253648098,0
2023-07-28 11:07:31,658.6,217848,1,658.59,63526,147979,0.634120253648098,0
2023-07-28 11:07:39,658.6,217849,1,658.59,63635,147978,0.634120253648098,0
2023-07-28 11:07:39,658.6,217849,1,658.59,63635,147978,0.634120253648098,0
2023-07-28 11:07:45,658.2,217950,56,658.59,63535,148003,0.5730002292000916,0
2023-07-28 11:07:45,658.2,217950,56,658.59,63535,148010,0.5730002292000916,0
2023-07-28 11:07:50,658.6,217955,4,658.59,63534,148006,0.634120253648098,0
2023-07-28 11:07:50,658.6,217955,4,658.59,63639,148006,0.634120253648098,0
2023-07-28 11:07:50,658.6,217955,1,658.59,63639,148006,0.634120253648098,0
2023-07-28 11:07:50,658.2,217955,6,658.59,63639,148006,0.5730002292000916,0
2023-07-28 11:07:58,658.5,218032,2,658.59,63814,147974,0.618840247536092,0
2023-07-28 11:07:58,658.6,218032,1,658.59,63814,147974,0.634120253648098,0
2023-07-28 11:07:59,658.6,218033,1,658.59,63814,147973,0.634120253648098,0
2023-07-28 11:07:59,658.6,218033,1,658.59,63814,147973,0.634120253648098,0
2023-07-28 11:07:59,658.6,218033,10,658.59,63814,147973,0.634120253648098,0
2023-07-28 11:08:03,658.6,218054,10,658.59,63838,148204,0.634120253648098,0
2023-07-28 11:08:03,658.6,218054,1,658.59,63838,148204,0.634120253648098,0
2023-07-28 11:08:05,658.6,218065,1,658.59,63838,148250,0.634120253648098,0
2023-07-28 11:08:05,658.6,218065,1,658.59,63838,148250,0.634120253648098,0
2023-07-28 11:08:09,658.6,218068,1,658.59,63879,148183,0.634120253648098,0
2023-07-28 11:08:09,658.6,218068,3,658.59,63879,148183,0.634120253648098,0
2023-07-28 11:08:12,658.65,218136,5,658.59,63858,148066,0.6417602567040922,0
2023-07-28 11:08:12,658.4,218136,2,658.59,63858,148066,0.6035602414240862,0
2023-07-28 11:08:14,658.4,218138,2,658.59,63858,148066,0.6035602414240862,0
2023-07-28 11:08:14,658.4,218138,2,658.59,63858,148066,0.6035602414240862,0
2023-07-28 11:08:19,658.4,218140,2,658.59,63866,148069,0.6035602414240862,0
2023-07-28 11:08:19,658.4,218140,2,658.59,63876,148069,0.6035602414240862,0
2023-07-28 11:08:19,658.4,218140,94,658.59,63876,148069,0.6035602414240862,0
2023-07-28 11:08:26,658.5,218253,19,658.59,63501,148392,0.618840247536092,0
2023-07-28 11:08:26,658.5,218253,19,658.59,63590,148392,0.618840247536092,0
2023-07-28 11:08:26,658.5,218253,19,658.59,63590,148418,0.618840247536092,0
2023-07-28 11:08:26,658.5,218253,48,658.59,63590,148418,0.618840247536092,0
2023-07-28 11:08:36,658.5,218301,48,658.59,63590,148370,0.618840247536092,0
2023-07-28 11:08:36,658.7,218301,351,658.59,63590,148370,0.6494002597601038,0
2023-07-28 11:08:44,658.7,219016,351,658.59,63590,147624,0.6494002597601038,0
2023-07-28 11:08:44,658.7,219016,351,658.59,63590,147632,0.6494002597601038,0
2023-07-28 11:08:44,658.7,219016,351,658.59,63877,147532,0.6494002597601038,0
2023-07-28 11:08:44,658.7,219016,351,658.59,63936,147501,0.6494002597601038,0
2023-07-28 11:08:44,658.7,219016,18,658.59,63936,147515,0.6494002597601038,0
2023-07-28 11:08:44,658.5,219016,1,658.59,63936,147515,0.618840247536092,0
2023-07-28 11:08:57,658.5,219035,1,658.59,63936,147508,0.618840247536092,0
2023-07-28 11:08:57,658.5,219035,1,658.59,63936,147508,0.618840247536092,0
2023-07-28 11:08:57,658.7,219035,90,658.59,63936,147508,0.6494002597601038,0
2023-07-28 11:09:04,658.7,219125,90,658.59,63996,147418,0.6494002597601038,0
2023-07-28 11:09:04,658.5,219125,1,658.59,63996,147418,0.618840247536092,0
2023-07-28 11:09:04,658.7,219125,10,658.59,63996,147418,0.6494002597601038,0
2023-07-28 11:09:04,658.7,219125,2,658.59,63996,147418,0.6494002597601038,0
2023-07-28 11:09:07,658.7,219138,2,658.59,63995,147488,0.6494002597601038,0
2023-07-28 11:09:07,658.7,219138,2,658.59,63995,147488,0.6494002597601038,0
2023-07-28 11:09:12,658.7,219140,2,658.59,64002,147486,0.6494002597601038,0
2023-07-28 11:09:15,658.65,219155,15,658.59,64002,147471,0.6417602567040922,0
2023-07-28 11:09:15,658.65,219155,100,658.59,64002,147471,0.6417602567040922,0
2023-07-28 11:09:17,658.65,219255,100,658.59,64047,147371,0.6417602567040922,0
2023-07-28 11:09:17,658.65,219255,25,658.59,64047,147371,0.6417602567040922,0
2023-07-28 11:09:17,658.7,219255,5,658.59,64047,147371,0.6494002597601038,0
2023-07-28 11:09:20,658.7,219322,5,658.59,64538,147223,0.6494002597601038,0
2023-07-28 11:09:20,658.75,219322,10,658.59,64538,147245,0.6570402628160982,0
2023-07-28 11:09:20,658.7,219322,5,658.59,64538,147245,0.6494002597601038,0
2023-07-28 11:09:24,658.7,219337,5,658.59,64534,147411,0.6494002597601038,0
2023-07-28 11:09:24,658.7,219337,5,658.59,64534,147439,0.6494002597601038,0
2023-07-28 11:09:24,658.7,219337,16,658.59,64534,147439,0.6494002597601038,0
2023-07-28 11:09:32,658.7,219353,16,658.59,64572,147421,0.6494002597601038,0
2023-07-28 11:09:32,658.7,219353,10,658.59,64572,147421,0.6494002597601038,0
2023-07-28 11:09:35,658.7,219363,10,658.59,64562,147419,0.6494002597601038,0
2023-07-28 11:09:35,658.75,219363,1,658.59,64562,147419,0.6570402628160982,0
2023-07-28 11:09:35,658.7,219363,15,658.59,64562,147419,0.6494002597601038,0
2023-07-28 11:09:37,658.75,219384,5,658.59,64552,147413,0.6570402628160982,0
2023-07-28 11:09:37,658.7,219384,412,658.59,64552,147413,0.6494002597601038,0
2023-07-28 11:09:39,658.7,219796,412,658.59,64060,147501,0.6494002597601038,0
2023-07-28 11:09:39,658.5,219796,1,658.59,64060,147501,0.618840247536092,0
2023-07-28 11:09:42,658.45,219881,10,658.59,64003,147766,0.6112002444800978,0
2023-07-28 11:09:42,658.45,219881,4,658.59,64003,147766,0.6112002444800978,0
2023-07-28 11:09:45,658.45,219901,6,658.59,64113,147715,0.6112002444800978,0
2023-07-28 11:09:45,658.45,219901,1,658.59,64263,147815,0.6112002444800978,0
2023-07-28 11:09:48,658.45,219902,1,658.59,64266,147814,0.6112002444800978,0
2023-07-28 11:09:48,658.45,219902,4,658.59,64266,147814,0.6112002444800978,0
2023-07-28 11:09:48,658.45,219902,2,658.59,64266,147814,0.6112002444800978,0
2023-07-28 11:09:54,658.45,219908,2,658.59,64249,147884,0.6112002444800978,0
2023-07-28 11:09:54,658.45,219908,2,658.59,64249,147884,0.6112002444800978,0
2023-07-28 11:09:54,658.45,219908,2,658.59,64259,147884,0.6112002444800978,0
2023-07-28 11:09:54,658.45,219908,2,658.59,64019,147884,0.6112002444800978,0
2023-07-28 11:09:54,658.5,219908,11,658.59,64019,147884,0.618840247536092,0
2023-07-28 11:10:05,658.5,219934,11,658.59,64019,147831,0.618840247536092,0
2023-07-28 11:10:05,658.5,219934,11,658.59,64019,147838,0.618840247536092,0
2023-07-28 11:10:05,658.5,219934,11,658.59,64021,147838,0.618840247536092,0
2023-07-28 11:10:05,658.5,219934,2,658.59,64021,147838,0.618840247536092,0
2023-07-28 11:10:05,658.5,219934,1,658.59,64021,147838,0.618840247536092,0
2023-07-28 11:10:16,658.5,219945,1,658.59,64022,147827,0.618840247536092,0
2023-07-28 11:10:18,658.5,219946,1,658.59,64051,147846,0.618840247536092,0
2023-07-28 11:10:18,658.5,219946,3,658.59,64051,147846,0.618840247536092,0
2023-07-28 11:10:23,658.5,219959,3,658.59,64051,147833,0.618840247536092,0
2023-07-28 11:10:23,658.5,219959,3,658.59,64051,147843,0.618840247536092,0
2023-07-28 11:10:23,658.4,219959,9,658.59,64051,147843,0.6035602414240862,0
2023-07-28 11:10:23,658.5,219959,1,658.59,64051,147843,0.618840247536092,0
2023-07-28 11:10:28,658.5,219969,1,658.59,64042,147842,0.618840247536092,0
2023-07-28 11:10:28,658.5,219969,1,658.59,64042,147842,0.618840247536092,0
2023-07-28 11:10:28,658.5,219969,1,658.59,64042,147842,0.618840247536092,0
2023-07-28 11:10:35,658.5,219970,1,658.59,64043,147891,0.618840247536092,0
2023-07-28 11:10:35,658.5,219970,1,658.59,64062,147891,0.618840247536092,0
2023-07-28 11:10:35,658.5,219970,9,658.59,64062,147891,0.618840247536092,0
2023-07-28 11:10:41,658.5,219979,9,658.59,64061,147882,0.618840247536092,0
2023-07-28 11:10:41,658.5,219979,10,658.59,64061,147882,0.618840247536092,0
2023-07-28 11:10:45,658.5,220013,7,658.59,64617,147665,0.618840247536092,0
2023-07-28 11:10:45,658.5,220013,7,658.59,64707,147665,0.618840247536092,0
2023-07-28 11:10:45,658.5,220013,170,658.59,64707,147665,0.618840247536092,0
2023-07-28 11:10:56,658.5,220183,170,658.59,64537,147665,0.618840247536092,0
2023-07-28 11:10:56,658.7,220183,15,658.59,64537,147665,0.6494002597601038,0
2023-07-28 11:10:58,658.7,220198,15,658.59,64537,147650,0.6494002597601038,0
2023-07-28 11:10:58,658.5,220198,11,658.59,64537,147650,0.618840247536092,0
2023-07-28 11:11:03,658.5,220209,11,658.59,64526,147650,0.618840247536092,0
2023-07-28 11:11:03,658.5,220209,38,658.59,65026,147750,0.618840247536092,0
2023-07-28 11:11:03,658.7,220209,1,658.59,65026,147750,0.6494002597601038,0
2023-07-28 11:11:03,658.7,220209,2,658.59,65026,147750,0.6494002597601038,0
2023-07-28 11:11:10,658.7,220300,50,658.59,64939,147697,0.6494002597601038,0
2023-07-28 11:11:13,658.7,220320,20,658.59,64968,147837,0.6494002597601038,0
2023-07-28 11:11:13,658.5,220320,98,658.59,64968,147837,0.618840247536092,0
2023-07-28 11:11:13,658.5,220497,98,658.59,64379,148058,0.618840247536092,0
2023-07-28 11:11:13,658.5,220497,98,658.59,64379,148035,0.618840247536092,0
2023-07-28 11:11:13,658.5,220497,98,658.59,64462,148035,0.618840247536092,0
2023-07-28 11:11:24,658.7,220515,10,658.59,64462,148017,0.6494002597601038,0
2023-07-28 11:11:24,658.7,220515,77,658.59,64462,148017,0.6494002597601038,0
2023-07-28 11:11:24,658.7,220515,15,658.59,64462,148017,0.6494002597601038,0
2023-07-28 11:11:26,658.7,220830,15,658.59,64508,147924,0.6494002597601038,0
2023-07-28 11:11:29,658.75,220850,20,658.59,64643,144569,0.6570402628160982,0
2023-07-28 11:11:29,658.75,220850,2,658.59,64643,144569,0.6570402628160982,0
2023-07-28 11:11:30,658.75,220852,2,658.59,64643,144497,0.6570402628160982,0
2023-07-28 11:11:30,658.75,220852,2,658.59,64666,144497,0.6570402628160982,0
2023-07-28 11:11:30,658.75,220852,13,658.59,64666,144497,0.6570402628160982,0
2023-07-28 11:11:35,658.75,220902,13,658.59,64711,144540,0.6570402628160982,0
2023-07-28 11:11:35,658.7,220902,100,658.59,64711,144540,0.6494002597601038,0
2023-07-28 11:11:35,658.7,220902,5,658.59,64711,144540,0.6494002597601038,0
2023-07-28 11:11:41,658.7,221007,5,658.59,64569,147794,0.6494002597601038,0
2023-07-28 11:11:41,658.7,221007,32,658.59,64569,147794,0.6494002597601038,0
2023-07-28 11:11:42,658.7,221039,32,658.59,64569,147798,0.6494002597601038,0
2023-07-28 11:11:42,658.7,221039,32,658.59,64569,147792,0.6494002597601038,0
2023-07-28 11:11:42,658.7,221039,32,658.59,64569,147807,0.6494002597601038,0
2023-07-28 11:11:42,658.7,221039,32,658.59,64569,147857,0.6494002597601038,0
2023-07-28 11:11:42,658.7,221039,7,658.59,64569,147857,0.6494002597601038,0
2023-07-28 11:11:42,658.7,221039,60,658.59,64569,147857,0.6494002597601038,0
2023-07-28 11:11:54,658.7,221106,60,658.59,64569,147790,0.6494002597601038,0
2023-07-28 11:11:54,658.8,221106,53,658.59,64569,147790,0.6646802658720924,0
2023-07-28 11:11:54,658.7,221106,1,658.59,64569,147790,0.6494002597601038,0
2023-07-28 11:11:56,658.7,224788,1,658.59,64920,144544,0.6494002597601038,0
2023-07-28 11:11:56,658.7,224788,1,658.59,64701,144560,0.6494002597601038,0
2023-07-28 11:11:56,658.7,224788,1,658.59,64701,144565,0.6494002597601038,0
2023-07-28 11:11:56,658.7,224788,1,658.59,64614,144565,0.6494002597601038,0
2023-07-28 11:11:56,658.45,224788,28,658.59,64614,144565,0.6112002444800978,0
2023-07-28 11:12:09,658.45,224838,28,658.59,64519,144664,0.6112002444800978,0
2023-07-28 11:12:09,658.45,224838,28,658.59,64544,144664,0.6112002444800978,0
2023-07-28 11:12:09,658.25,224838,5,658.59,64544,144664,0.580640232256086,0
2023-07-28 11:12:09,658.8,224838,1,658.59,64544,144664,0.6646802658720924,0
2023-07-28 11:12:17,658.8,224850,1,658.59,64524,144711,0.6646802658720924,0
2023-07-28 11:12:17,658.8,224850,1,658.59,64603,144711,0.6646802658720924,0
2023-07-28 11:12:17,658.8,224850,1,658.59,64604,144711,0.6646802658720924,0
2023-07-28 11:12:17,658.8,224850,14,658.59,64604,144711,0.6646802658720924,0
2023-07-28 11:12:31,658.8,224955,1,658.59,64572,144723,0.6646802658720924,0
2023-07-28 11:12:33,658.8,224956,1,658.59,64860,144822,0.6646802658720924,0
2023-07-28 11:12:37,658.3,225011,55,658.59,64647,144852,0.5882802353120802,0
2023-07-28 11:12:37,658.3,225011,55,658.59,64647,144851,0.5882802353120802,0
2023-07-28 11:12:37,658.3,225011,55,658.59,64647,144857,0.5882802353120802,0
2023-07-28 11:12:37,658.35,225011,1,658.59,64647,144857,0.5959202383680918,0
2023-07-28 11:12:46,658.35,225012,1,658.59,64723,144857,0.5959202383680918,0
2023-07-28 11:12:46,658.35,225012,2,658.59,64723,144857,0.5959202383680918,0
2023-07-28 11:12:46,658.35,225012,1,658.59,64723,144857,0.5959202383680918,0
2023-07-28 11:12:49,658.8,225015,10,658.59,64705,144882,0.6646802658720924,0
2023-07-28 11:12:49,658.5,225015,12,658.59,64705,144882,0.618840247536092,0
2023-07-28 11:12:51,658.5,225037,12,658.59,64719,144814,0.618840247536092,0
2023-07-28 11:12:51,658.75,225037,20,658.59,64719,144814,0.6570402628160982,0
2023-07-28 11:12:54,658.75,225057,20,658.59,64720,144735,0.6570402628160982,0
2023-07-28 11:12:54,658.75,225057,20,658.59,64720,144635,0.6570402628160982,0
2023-07-28 11:12:54,658.75,225057,20,658.59,64724,144645,0.6570402628160982,0
2023-07-28 11:12:54,658.75,225057,20,658.59,64735,144615,0.6570402628160982,0
2023-07-28 11:12:54,658.7,225057,3,658.59,64735,144615,0.6494002597601038,0
2023-07-28 11:12:54,658.35,225057,11,658.59,64735,144615,0.5959202383680918,0
2023-07-28 11:13:05,658.35,225211,11,658.59,64725,144683,0.5959202383680918,0
2023-07-28 11:13:05,658.75,225211,10,658.59,64725,144683,0.6570402628160982,0
2023-07-28 11:13:05,658.15,225211,1,658.59,64725,144683,0.56536022614408,0
2023-07-28 11:13:05,658.0,225211,85,658.59,64725,144683,0.5424402169760798,0
2023-07-28 11:13:07,658.0,227183,85,658.58,62676,145160,0.5424402169760798,0
2023-07-28 11:13:07,658.0,227183,85,658.58,62736,145171,0.5424402169760798,0
2023-07-28 11:13:07,658.0,227183,85,658.58,62737,145171,0.5424402169760798,0
2023-07-28 11:13:16,658.1,227283,9,658.58,63007,145210,0.5577202230880858,0
2023-07-28 11:13:17,658.1,227292,9,658.58,63009,145135,0.5577202230880858,0
2023-07-28 11:13:21,658.0,228379,10,658.58,63072,145048,0.5424402169760798,0
2023-07-28 11:13:21,658.0,228379,74,658.58,63072,145048,0.5424402169760798,0
2023-07-28 11:13:24,658.0,228609,100,658.58,62914,145429,0.5424402169760798,0
2023-07-28 11:13:24,658.0,228609,100,658.58,62914,145750,0.5424402169760798,0
2023-07-28 11:13:24,657.3,228609,1,658.58,62914,145750,0.43548017419205576,0
2023-07-28 11:13:28,657.3,228985,1,658.58,62889,145463,0.43548017419205576,0
2023-07-28 11:13:28,657.55,228985,10,658.58,62924,145528,0.47368018947206186,0
2023-07-28 11:13:32,657.55,228995,10,658.58,62924,145518,0.47368018947206186,0
2023-07-28 11:13:32,657.55,228995,1,658.58,62924,145518,0.47368018947206186,0
2023-07-28 11:13:32,657.55,228995,4,658.58,62924,145518,0.47368018947206186,0
2023-07-28 11:13:35,657.55,229000,4,658.58,62924,145908,0.47368018947206186,0
2023-07-28 11:13:35,657.55,229000,1,658.58,62924,145908,0.47368018947206186,0
2023-07-28 11:13:37,657.55,229001,1,658.58,62926,145907,0.47368018947206186,0
2023-07-28 11:13:37,657.2,229001,66,658.58,62926,145907,0.4202001680800672,0
2023-07-28 11:13:42,657.55,229094,6,658.58,62938,145882,0.47368018947206186,0
2023-07-28 11:13:42,657.55,229094,6,658.58,62943,145713,0.47368018947206186,0
2023-07-28 11:13:42,657.6,229094,15,658.58,62943,145713,0.4813201925280735,0
2023-07-28 11:13:49,657.6,229110,15,658.58,62850,145466,0.4813201925280735,0
2023-07-28 11:13:49,657.6,229110,15,658.58,62845,145466,0.4813201925280735,0
2023-07-28 11:13:49,657.6,229110,15,658.58,62845,145500,0.4813201925280735,0
2023-07-28 11:13:58,657.6,229134,14,658.58,62846,145476,0.4813201925280735,0
2023-07-28 11:13:58,657.6,229134,14,658.58,62846,145495,0.4813201925280735,0
2023-07-28 11:13:58,657.6,229134,10,658.58,62846,145495,0.4813201925280735,0
2023-07-28 11:13:58,657.55,229134,6,658.58,62846,145495,0.47368018947206186,0
2023-07-28 11:14:03,657.55,229152,6,658.58,63078,145564,0.47368018947206186,0
2023-07-28 11:14:03,657.6,229152,4,658.58,63078,145564,0.4813201925280735,0
2023-07-28 11:14:03,657.8,229152,10,658.58,63078,145564,0.511880204752068,0
2023-07-28 11:14:05,657.8,229177,10,658.58,63128,145479,0.511880204752068,0
2023-07-28 11:14:05,656.5,229177,8,658.58,63148,145479,0.31324012529604317,0
2023-07-28 11:14:09,656.5,230636,8,658.57,62013,146355,0.31324012529604317,0
2023-07-28 11:14:09,656.5,230636,1,658.57,62013,146355,0.31324012529604317,0
2023-07-28 11:14:14,656.9,230641,4,658.57,62012,146017,0.37436014974404946,0
2023-07-28 11:14:14,656.9,230641,4,658.57,62072,146017,0.37436014974404946,0
2023-07-28 11:14:19,656.9,230646,2,658.57,62142,146012,0.37436014974404946,0
2023-07-28 11:14:19,656.9,230646,1,658.57,62142,146012,0.37436014974404946,0
2023-07-28 11:14:24,656.9,230649,40,658.57,62142,146154,0.37436014974404946,0
2023-07-28 11:14:24,656.9,230699,40,658.57,62067,146092,0.37436014974404946,0
2023-07-28 11:14:24,656.9,230699,40,658.57,62068,146092,0.37436014974404946,0
2023-07-28 11:14:24,656.9,230699,1,658.57,62068,146092,0.37436014974404946,0
2023-07-28 11:14:30,656.9,230700,1,658.57,62068,146091,0.37436014974404946,0
2023-07-28 11:14:30,656.9,230700,1,658.57,62073,146091,0.37436014974404946,0
2023-07-28 11:14:30,656.9,230700,1,658.57,62073,145771,0.37436014974404946,0
2023-07-28 11:14:30,656.5,230700,23,658.57,62073,145771,0.31324012529604317,0
2023-07-28 11:14:30,656.9,230700,3,658.57,62073,145771,0.37436014974404946,0
2023-07-28 11:14:41,656.9,230733,5,658.57,62043,145883,0.37436014974404946,0
2023-07-28 11:14:42,656.9,230742,5,658.57,62040,145898,0.37436014974404946,0
2023-07-28 11:14:42,656.9,230742,5,658.57,62125,145898,0.37436014974404946,0
2023-07-28 11:14:42,656.9,230742,5,658.57,62143,145898,0.37436014974404946,0
2023-07-28 11:14:42,656.5,230742,2,658.57,62143,145898,0.31324012529604317,0
2023-07-28 11:14:52,656.9,230779,35,658.57,62094,146091,0.37436014974404946,0
2023-07-28 11:14:52,656.9,230779,35,658.57,62095,146092,0.37436014974404946,0
2023-07-28 11:14:52,656.9,230779,35,658.57,62095,146386,0.37436014974404946,0
2023-07-28 11:14:52,656.8,230779,7,658.57,62095,146386,0.35908014363204355,0
2023-07-28 11:15:00,656.8,230787,7,658.57,62152,146409,0.35908014363204355,0
2023-07-28 11:15:00,656.85,230787,35,658.57,62152,146409,0.3667201466880552,0
2023-07-28 11:15:04,656.85,230835,35,658.57,62399,146210,0.3667201466880552,0
2023-07-28 11:15:04,656.85,230835,35,658.57,62334,146210,0.3667201466880552,0
2023-07-28 11:15:04,656.9,230835,12,658.57,62334,146210,0.37436014974404946,0
2023-07-28 11:15:11,656.9,230847,12,658.57,62334,146207,0.37436014974404946,0
2023-07-28 11:15:11,656.9,230847,2,658.57,62334,146207,0.37436014974404946,0
2023-07-28 11:15:14,656.9,230849,2,658.57,61835,146320,0.37436014974404946,0
2023-07-28 11:15:18,656.9,230859,8,658.57,61835,146356,0.37436014974404946,0
2023-07-28 11:15:18,656.45,230859,2,658.57,61835,146356,0.3056001222400489,0
2023-07-28 11:15:20,656.45,230862,2,658.57,61832,146346,0.3056001222400489,0
2023-07-28 11:15:20,656.9,230862,3,658.57,61832,146346,0.37436014974404946,0
2023-07-28 11:15:22,656.9,230865,3,658.57,61832,146343,0.37436014974404946,0
2023-07-28 11:15:22,656.9,230865,6,658.57,61832,146343,0.37436014974404946,0
2023-07-28 11:15:24,656.9,230871,6,658.57,61832,146337,0.37436014974404946,0
2023-07-28 11:15:24,656.9,230871,6,658.57,61842,146337,0.37436014974404946,0
2023-07-28 11:15:24,656.9,230871,6,658.57,61842,146392,0.37436014974404946,0
2023-07-28 11:15:24,656.9,230871,45,658.57,61842,146392,0.37436014974404946,0
2023-07-28 11:15:24,656.9,230871,10,658.57,61842,146392,0.37436014974404946,0
2023-07-28 11:15:36,656.9,230926,10,658.57,61831,146337,0.37436014974404946,0
2023-07-28 11:15:36,656.9,230926,10,658.57,61896,146272,0.37436014974404946,0
2023-07-28 11:15:36,656.5,230926,5,658.57,61896,146272,0.31324012529604317,0
2023-07-28 11:15:45,656.5,230941,5,658.57,61751,146569,0.31324012529604317,0
2023-07-28 11:15:45,656.5,230941,5,658.57,61681,146569,0.31324012529604317,0
2023-07-28 11:15:45,656.5,230941,5,658.57,61681,146489,0.31324012529604317,0
2023-07-28 11:15:45,656.5,230941,5,658.57,61917,146564,0.31324012529604317,0
2023-07-28 11:15:45,656.5,230941,5,658.57,61918,146564,0.31324012529604317,0
2023-07-28 11:15:45,656.85,230941,1,658.57,61918,146564,0.3667201466880552,0
2023-07-28 11:16:00,656.85,230942,1,658.57,61918,146453,0.3667201466880552,0
2023-07-28 11:16:06,656.85,230947,3,658.57,61958,146598,0.3667201466880552,0
2023-07-28 11:16:06,656.85,230947,3,658.57,61958,146598,0.3667201466880552,0
2023-07-28 11:16:06,656.85,230947,1,658.57,61958,146598,0.3667201466880552,0
2023-07-28 11:16:12,656.85,230948,1,658.57,62068,146559,0.3667201466880552,0
2023-07-28 11:16:12,656.85,230948,1,658.57,61233,146289,0.3667201466880552,0
2023-07-28 11:16:12,656.9,230948,1,658.57,61233,146289,0.37436014974404946,0
2023-07-28 11:16:12,656.5,230948,9,658.57,61233,146289,0.31324012529604317,0
2023-07-28 11:16:12,656.5,230948,7,658.57,61233,146289,0.31324012529604317,0
2023-07-28 11:16:12,656.9,230948,5,658.57,61233,146289,0.37436014974404946,0
2023-07-28 11:16:20,656.9,231084,12,658.57,61233,146022,0.37436014974404946,0
2023-07-28 11:16:20,656.9,231084,12,658.57,61323,146022,0.37436014974404946,0
2023-07-28 11:16:20,656.5,231084,10,658.57,61323,146022,0.31324012529604317,0
2023-07-28 11:16:26,656.5,231094,10,658.57,61330,146022,0.31324012529604317,0
2023-07-28 11:16:26,656.5,231094,10,658.57,61332,146022,0.31324012529604317,0
2023-07-28 11:16:26,656.5,231094,5,658.57,61332,146022,0.31324012529604317,0
2023-07-28 11:16:32,656.5,231099,5,658.57,61377,146033,0.31324012529604317,0
2023-07-28 11:16:32,656.5,231099,1,658.57,61377,146033,0.31324012529604317,0
2023-07-28 11:16:34,656.5,231112,6,658.56,61374,146038,0.31324012529604317,0
2023-07-28 11:16:34,656.9,231112,1,658.56,61374,146038,0.37436014974404946,0
2023-07-28 11:16:34,656.5,231112,5,658.56,61374,146038,0.31324012529604317,0
2023-07-28 11:16:36,656.5,231118,5,658.56,61380,146037,0.31324012529604317,0
2023-07-28 11:16:36,656.9,231118,2,658.56,61380,146037,0.37436014974404946,0
2023-07-28 11:16:39,656.9,231120,2,658.56,61430,146005,0.37436014974404946,0
2023-07-28 11:16:39,656.5,231120,10,658.56,61430,146005,0.31324012529604317,0
2023-07-28 11:16:45,656.5,231130,10,658.56,61609,145965,0.31324012529604317,0
2023-07-28 11:16:45,656.9,231130,1,658.56,61609,145965,0.37436014974404946,0
2023-07-28 11:16:48,656.9,231131,1,658.56,61810,145964,0.37436014974404946,0
2023-07-28 11:16:48,656.5,231131,4,658.56,61810,145964,0.31324012529604317,0
2023-07-28 11:16:48,656.9,231131,3,658.56,61810,145964,0.37436014974404946,0
2023-07-28 11:16:53,656.9,231282,10,658.56,61805,145950,0.37436014974404946,0
2023-07-28 11:16:53,656.9,231282,10,658.56,61853,145950,0.37436014974404946,0
2023-07-28 11:16:53,656.9,231282,20,658.56,61853,145950,0.37436014974404946,0
2023-07-28 11:16:58,656.9,231302,20,658.56,61730,145959,0.37436014974404946,0
2023-07-28 11:17:04,656.9,231303,1,658.56,61730,145956,0.37436014974404946,0
2023-07-28 11:17:04,656.9,231303,1,658.56,61775,145956,0.37436014974404946,0
2023-07-28 11:17:04,656.9,231303,3,658.56,61775,145956,0.37436014974404946,0
2023-07-28 11:17:09,656.9,231306,3,658.56,61776,145953,0.37436014974404946,0
2023-07-28 11:17:09,656.9,231306,3,658.56,61750,145953,0.37436014974404946,0
2023-07-28 11:17:09,656.9,231306,3,658.56,62005,146123,0.37436014974404946,0
2023-07-28 11:17:09,656.9,231306,3,658.56,62005,146168,0.37436014974404946,0
2023-07-28 11:17:09,656.9,231306,9,658.56,62005,146168,0.37436014974404946,0
2023-07-28 11:17:22,656.9,231315,9,658.56,62060,146160,0.37436014974404946,0
2023-07-28 11:17:22,656.9,231315,9,658.56,62065,146160,0.37436014974404946,0
2023-07-28 11:17:22,656.9,231315,9,658.56,62065,146135,0.37436014974404946,0
2023-07-28 11:17:35,657.0,231316,1,658.56,62065,146134,0.3896401558560554,0
2023-07-28 11:17:35,656.8,231316,2,658.56,62065,146134,0.35908014363204355,0
2023-07-28 11:17:42,656.8,231327,2,658.56,62035,146124,0.35908014363204355,0
2023-07-28 11:17:45,656.8,231330,3,658.56,62040,146123,0.35908014363204355,0
2023-07-28 11:17:45,657.0,231330,5,658.56,62040,146123,0.3896401558560554,0
2023-07-28 11:17:48,657.0,231335,5,658.56,62040,146118,0.3896401558560554,0
2023-07-28 11:17:48,657.0,231335,1,658.56,62040,146118,0.3896401558560554,0
2023-07-28 11:17:52,657.0,231336,1,658.56,62040,146117,0.3896401558560554,0
2023-07-28 11:17:52,657.0,231336,3,658.56,61956,145807,0.3896401558560554,0
2023-07-28 11:17:59,657.0,231359,20,658.56,61956,145786,0.3896401558560554,0
2023-07-28 11:17:59,657.0,231359,20,658.56,61958,145786,0.3896401558560554,0
2023-07-28 11:17:59,656.8,231359,15,658.56,61958,145786,0.35908014363204355,0
2023-07-28 11:18:01,656.8,231374,15,658.56,61943,145804,0.35908014363204355,0
2023-07-28 11:18:01,656.8,231374,5,658.56,61943,145804,0.35908014363204355,0
2023-07-28 11:18:05,656.8,231379,5,658.56,61583,145804,0.35908014363204355,0
2023-07-28 11:18:05,656.8,231379,8,658.56,61583,145804,0.35908014363204355,0
2023-07-28 11:18:08,656.8,231387,8,658.56,61575,145717,0.35908014363204355,0
2023-07-28 11:18:08,656.8,231387,3,658.56,61575,145717,0.35908014363204355,0
2023-07-28 11:18:10,656.8,231390,3,658.56,61578,145717,0.35908014363204355,0
2023-07-28 11:18:10,657.0,231390,2,658.56,61578,145717,0.3896401558560554,0
2023-07-28 11:18:14,657.0,231392,2,658.56,61620,145745,0.3896401558560554,0
2023-07-28 11:18:14,657.0,231392,2,658.56,61623,145745,0.3896401558560554,0
2023-07-28 11:18:14,657.0,231392,2,658.56,61623,145748,0.3896401558560554,0
2023-07-28 11:18:14,657.0,231392,1,658.56,61623,145748,0.3896401558560554,0
2023-07-28 11:18:14,657.0,231392,10,658.56,61623,145748,0.3896401558560554,0
2023-07-28 11:18:21,657.0,231403,10,658.56,61623,145737,0.3896401558560554,0
2023-07-28 11:18:27,656.8,231428,23,658.56,61604,145737,0.35908014363204355,0
2023-07-28 11:18:27,656.8,231428,10,658.56,61604,145737,0.35908014363204355,0
2023-07-28 11:18:29,656.8,231438,10,658.56,61594,145936,0.35908014363204355,0
2023-07-28 11:18:29,656.8,231438,10,658.56,61444,145963,0.35908014363204355,0
2023-07-28 11:18:29,657.0,231438,50,658.56,61444,145963,0.3896401558560554,0
2023-07-28 11:18:36,657.0,231488,50,658.56,61444,145913,0.3896401558560554,0
2023-07-28 11:18:40,657.0,231495,7,658.56,61444,145906,0.3896401558560554,0
2023-07-28 11:18:40,657.0,231495,7,658.56,61444,145906,0.3896401558560554,0
2023-07-28 11:18:40,657.0,231495,3,658.56,61444,145906,0.3896401558560554,0
2023-07-28 11:18:45,657.0,231498,3,658.56,61444,145903,0.3896401558560554,0
2023-07-28 11:18:45,656.8,231498,1,658.56,61444,145903,0.35908014363204355,0
2023-07-28 11:18:48,656.8,231683,1,658.56,60742,146408,0.35908014363204355,0
2023-07-28 11:18:48,656.8,231683,1,658.56,63870,146503,0.35908014363204355,0
2023-07-28 11:18:48,656.5,231683,12,658.56,63870,146503,0.31324012529604317,0
2023-07-28 11:18:54,656.5,231695,12,658.56,63874,146503,0.31324012529604317,0
2023-07-28 11:18:54,656.75,231695,10,658.56,63874,146503,0.3514401405760493,0
2023-07-28 11:18:56,656.75,231705,10,658.56,63884,147481,0.3514401405760493,0
2023-07-28 11:18:56,656.75,231705,10,658.56,63987,147481,0.3514401405760493,0
2023-07-28 11:18:56,656.75,231705,10,658.56,63981,147607,0.3514401405760493,0
2023-07-28 11:18:56,656.75,231705,10,658.56,63986,147607,0.3514401405760493,0
2023-07-28 11:18:56,656.75,231705,1,658.56,63986,147607,0.3514401405760493,0
2023-07-28 11:19:11,656.75,231706,1,658.56,63986,147606,0.3514401405760493,0
2023-07-28 11:19:11,656.75,231706,1,658.56,63986,147639,0.3514401405760493,0
2023-07-28 11:19:11,656.75,231706,5,658.56,63986,147639,0.3514401405760493,0
2023-07-28 11:19:11,656.75,231706,1,658.56,63986,147639,0.3514401405760493,0
2023-07-28 11:19:17,656.75,231712,1,658.56,63986,147582,0.3514401405760493,0
2023-07-28 11:19:17,656.4,231712,2,658.56,63986,147582,0.29796011918403725,0
2023-07-28 11:19:17,656.1,231712,6,658.56,63986,147582,0.2521201008480368,0
2023-07-28 11:19:19,656.1,231848,6,658.56,64028,147601,0.2521201008480368,0
2023-07-28 11:19:21,656.35,231872,22,658.56,64167,147643,0.290320116128043,0
2023-07-28 11:19:21,656.35,231872,22,658.56,64067,147643,0.290320116128043,0
2023-07-28 11:19:21,656.45,231872,1,658.56,64067,147643,0.3056001222400489,0
2023-07-28 11:19:21,656.1,231872,3,658.56,64067,147643,0.2521201008480368,0
2023-07-28 11:19:21,656.45,231872,1,658.56,64067,147643,0.3056001222400489,0
2023-07-28 11:19:27,656.0,232109,3,658.56,63699,147598,0.23684009473603093,0
2023-07-28 11:19:27,656.4,232109,4,658.56,63699,147598,0.29796011918403725,0
2023-07-28 11:19:29,656.0,232358,12,658.55,63676,147536,0.23684009473603093,0
2023-07-28 11:19:34,656.4,232368,9,658.55,63676,147493,0.29796011918403725,0
2023-07-28 11:19:34,656.4,232368,9,658.55,63301,147198,0.29796011918403725,0
2023-07-28 11:19:34,656.45,232368,5,658.55,63301,147198,0.3056001222400489,0
2023-07-28 11:19:38,656.45,232373,5,658.55,63376,146686,0.3056001222400489,0
2023-07-28 11:19:38,656.05,232373,10,658.55,63376,146686,0.2444800977920252,0
2023-07-28 11:19:41,656.05,232385,10,658.55,63464,146730,0.2444800977920252,0
2023-07-28 11:19:41,656.45,232385,5,658.55,63464,146730,0.3056001222400489,0
2023-07-28 11:19:43,656.45,232390,5,658.55,63466,146725,0.3056001222400489,0
2023-07-28 11:19:43,656.45,232390,5,658.55,63966,145777,0.3056001222400489,0
2023-07-28 11:19:43,656.45,232390,5,658.55,63971,145777,0.3056001222400489,0
2023-07-28 11:19:43,656.45,232390,40,658.55,63971,145777,0.3056001222400489,0
2023-07-28 11:19:43,656.45,232390,2,658.55,63971,145777,0.3056001222400489,0
2023-07-28 11:19:43,656.15,232390,22,658.55,63971,145777,0.25976010390403115,0
2023-07-28 11:19:56,656.15,232454,22,658.55,64009,145733,0.25976010390403115,0
2023-07-28 11:19:56,656.15,232454,22,658.55,64090,145733,0.25976010390403115,0
2023-07-28 11:20:02,656.45,232469,15,658.55,64240,145711,0.3056001222400489,0
2023-07-28 11:20:02,656.45,232469,15,658.55,64250,145711,0.3056001222400489,0
2023-07-28 11:20:02,656.45,232469,1,658.55,64250,145711,0.3056001222400489,0
2023-07-28 11:20:06,656.1,232519,24,658.55,64204,145720,0.2521201008480368,0
2023-07-28 11:20:06,656.45,232519,23,658.55,64204,145720,0.3056001222400489,0
2023-07-28 11:20:10,656.15,232548,3,658.55,64428,145692,0.25976010390403115,0
2023-07-28 11:20:10,656.45,232548,3,658.55,64428,145692,0.3056001222400489,0
2023-07-28 11:20:10,656.45,232551,3,658.55,64443,145689,0.3056001222400489,0
2023-07-28 11:20:10,656.45,232551,3,658.55,64446,145689,0.3056001222400489,0
2023-07-28 11:20:10,656.15,232551,4,658.55,64446,145689,0.25976010390403115,0
2023-07-28 11:20:16,656.15,232571,4,658.55,64426,145691,0.25976010390403115,0
2023-07-28 11:20:21,656.1,232621,43,658.55,64378,145689,0.2521201008480368,0
2023-07-28 11:20:21,656.1,232621,43,658.55,63878,145689,0.2521201008480368,0
2023-07-28 11:20:21,656.1,232621,40,658.55,63878,145689,0.2521201008480368,0
2023-07-28 11:20:25,656.1,232661,40,658.55,63837,145956,0.2521201008480368,0
2023-07-28 11:20:25,656.1,232661,8,658.55,63837,145956,0.2521201008480368,0
2023-07-28 11:20:27,656.1,232669,8,658.55,63844,145856,0.2521201008480368,0
2023-07-28 11:20:27,656.45,232669,3,658.55,63844,145856,0.3056001222400489,0
2023-07-28 11:20:30,656.45,232672,3,658.55,63844,146046,0.3056001222400489,0
2023-07-28 11:20:30,656.45,232672,1,658.55,63844,146046,0.3056001222400489,0
2023-07-28 11:20:33,656.45,232673,1,658.55,63824,145930,0.3056001222400489,0
2023-07-28 11:20:33,656.45,232673,1,658.55,63824,145930,0.3056001222400489,0
2023-07-28 11:20:33,656.45,232673,1,658.55,63830,145930,0.3056001222400489,0
2023-07-28 11:20:33,656.1,232673,70,658.55,63835,145930,0.2521201008480368,0
2023-07-28 11:20:33,656.45,232673,2,658.55,63835,145930,0.3056001222400489,0
2023-07-28 11:20:45,656.45,232745,2,658.55,63926,145534,0.3056001222400489,0
2023-07-28 11:20:45,656.45,232745,2,658.55,63956,145558,0.3056001222400489,0
2023-07-28 11:20:45,656.45,232745,2,658.55,63957,145558,0.3056001222400489,0
2023-07-28 11:20:45,656.45,232745,10,658.55,63957,145558,0.3056001222400489,0
2023-07-28 11:20:45,656.7,232745,5,658.55,63957,145558,0.343800137520055,0
2023-07-28 11:20:56,656.75,232762,1,658.55,63988,145330,0.3514401405760493,0
2023-07-28 11:20:58,656.75,232763,1,658.55,63948,145319,0.3514401405760493,0
2023-07-28 11:20:58,656.8,232763,25,658.55,63948,145319,0.35908014363204355,0
2023-07-28 11:21:02,656.8,232823,25,658.55,63987,145272,0.35908014363204355,0
2023-07-28 11:21:02,656.8,232823,25,658.55,63992,145272,0.35908014363204355,0
2023-07-28 11:21:02,656.8,232823,25,658.55,63993,145272,0.35908014363204355,0
2023-07-28 11:21:02,656.8,232823,25,658.55,64083,145282,0.35908014363204355,0
2023-07-28 11:21:02,656.4,232823,1,658.55,64083,145282,0.29796011918403725,0
2023-07-28 11:21:13,656.25,232832,1,658.55,64180,145297,0.27504011001603706,0
2023-07-28 11:21:13,656.25,232832,1,658.55,64242,145077,0.27504011001603706,0
2023-07-28 11:21:13,656.8,232832,20,658.55,64242,145077,0.35908014363204355,0
2023-07-28 11:21:13,656.2,232832,4,658.55,64242,145077,0.26740010696004274,0
2023-07-28 11:21:24,656.2,233111,4,658.55,64076,145372,0.26740010696004274,0
2023-07-28 11:21:24,656.2,233111,4,658.55,64139,145331,0.26740010696004274,0
2023-07-28 11:21:24,656.45,233111,20,658.55,64139,145331,0.3056001222400489,0
2023-07-28 11:21:28,656.45,233131,20,658.55,64174,145241,0.3056001222400489,0
2023-07-28 11:21:28,656.45,233131,20,658.55,64174,145216,0.3056001222400489,0
2023-07-28 11:21:28,656.8,233131,1,658.55,64174,145216,0.35908014363204355,0
2023-07-28 11:21:34,656.8,233132,1,658.55,64174,145215,0.35908014363204355,0
2023-07-28 11:21:37,656.8,233142,10,658.55,64174,145205,0.35908014363204355,0
2023-07-28 11:21:37,656.8,233142,10,658.55,64189,145205,0.35908014363204355,0
2023-07-28 11:21:41,656.8,233162,20,658.55,64344,145146,0.35908014363204355,0
2023-07-28 11:21:41,656.8,233162,20,658.55,64274,145156,0.35908014363204355,0
2023-07-28 11:21:41,656.8,233162,20,658.55,64274,145156,0.35908014363204355,0
2023-07-28 11:21:41,656.8,233162,20,658.55,64279,145156,0.35908014363204355,0
2023-07-28 11:21:52,656.8,233362,200,658.54,64306,144930,0.35908014363204355,0
2023-07-28 11:21:52,656.8,233362,10,658.54,64306,144930,0.35908014363204355,0
2023-07-28 11:21:52,656.8,233372,10,658.54,64306,144920,0.35908014363204355,0
2023-07-28 11:21:52,656.75,233372,12,658.54,64306,144920,0.3514401405760493,0
2023-07-28 11:21:57,656.75,233384,12,658.54,64294,144920,0.3514401405760493,0
2023-07-28 11:21:57,656.45,233384,24,658.54,64294,144920,0.3056001222400489,0
2023-07-28 11:21:59,656.45,233444,24,658.54,64257,144915,0.3056001222400489,0
2023-07-28 11:21:59,656.45,233444,24,658.54,64267,144915,0.3056001222400489,0
2023-07-28 11:22:14,656.55,233459,15,658.54,64252,144915,0.32088012835203744,0
2023-07-28 11:22:14,656.55,233459,15,658.54,64298,144915,0.32088012835203744,0
2023-07-28 11:22:14,656.55,233459,15,658.54,64365,144915,0.32088012835203744,0
2023-07-28 11:22:14,656.8,233459,1,658.54,64365,144915,0.35908014363204355,0
2023-07-28 11:22:24,656.6,233461,1,658.54,64437,144916,0.3285201314080491,0
2023-07-28 11:22:24,656.45,233461,18,658.54,64437,144916,0.3056001222400489,0
2023-07-28 11:22:26,656.45,233506,18,658.54,64232,145133,0.3056001222400489,0
2023-07-28 11:22:26,656.45,233506,18,658.54,64232,145036,0.3056001222400489,0
2023-07-28 11:22:26,656.45,233506,18,658.54,64144,145036,0.3056001222400489,0
2023-07-28 11:22:26,656.8,233506,4,658.54,64144,145036,0.35908014363204355,0
2023-07-28 11:22:35,656.8,233510,4,658.54,64146,145032,0.35908014363204355,0
2023-07-28 11:22:35,656.8,233510,1,658.54,64146,145032,0.35908014363204355,0
2023-07-28 11:22:42,656.8,233511,1,658.54,64144,145031,0.35908014363204355,0
2023-07-28 11:22:42,656.8,233511,1,658.54,64144,145031,0.35908014363204355,0
2023-07-28 11:22:44,656.35,233513,1,658.54,64143,145112,0.290320116128043,0
2023-07-28 11:22:44,656.8,233513,8,658.54,64143,145112,0.35908014363204355,0
2023-07-28 11:22:44,656.8,233513,2,658.54,64143,145112,0.35908014363204355,0
2023-07-28 11:22:46,656.8,233523,2,658.54,64201,145292,0.35908014363204355,0
2023-07-28 11:22:46,656.8,233523,1,658.54,64201,145292,0.35908014363204355,0
2023-07-28 11:22:51,656.8,233524,1,658.54,64201,145291,0.35908014363204355,0
2023-07-28 11:22:51,656.8,233524,1,658.54,64061,145241,0.35908014363204355,0
2023-07-28 11:22:51,656.45,233524,4,658.54,64061,145241,0.3056001222400489,0
2023-07-28 11:22:57,656.45,233528,4,658.54,64057,145242,0.3056001222400489,0
2023-07-28 11:23:02,656.8,233536,2,658.54,64369,145052,0.35908014363204355,0
2023-07-28 11:23:04,656.55,233553,13,658.54,64185,145019,0.32088012835203744,0
2023-07-28 11:23:04,656.55,233553,13,658.54,64175,145117,0.32088012835203744,0
2023-07-28 11:23:04,656.55,233553,13,658.54,64175,145167,0.32088012835203744,0
2023-07-28 11:23:04,656.55,233553,13,658.54,64175,145222,0.32088012835203744,0
2023-07-28 11:23:04,656.8,233553,1,658.54,64175,145222,0.35908014363204355,0
2023-07-28 11:23:14,656.8,233554,1,658.54,64175,145310,0.35908014363204355,0
2023-07-28 11:23:14,656.9,233554,1,658.54,64175,145310,0.37436014974404946,0
2023-07-28 11:23:16,656.9,233555,1,658.54,64164,145348,0.37436014974404946,0
2023-07-28 11:23:16,656.95,233555,22,658.54,64164,145348,0.3820001528000611,0
2023-07-28 11:23:21,656.95,233755,22,658.54,64399,145020,0.3820001528000611,0
2023-07-28 11:23:21,656.95,233755,22,658.54,64459,145020,0.3820001528000611,0
2023-07-28 11:23:21,656.95,233755,22,658.54,64459,144965,0.3820001528000611,0
2023-07-28 11:23:21,656.5,233755,35,658.54,64459,144965,0.31324012529604317,0
2023-07-28 11:23:21,656.5,233755,20,658.54,64459,144965,0.31324012529604317,0
2023-07-28 11:23:35,656.5,234255,20,658.54,64523,145101,0.31324012529604317,0
2023-07-28 11:23:35,656.95,234255,1,658.54,64523,145101,0.3820001528000611,0
2023-07-28 11:23:35,656.95,234255,2,658.54,64523,145101,0.3820001528000611,0
2023-07-28 11:23:37,656.95,234266,2,658.54,64523,145190,0.3820001528000611,0
2023-07-28 11:23:37,656.45,234266,8,658.54,64523,145190,0.3056001222400489,0
2023-07-28 11:23:39,656.45,234291,8,658.54,64434,145190,0.3056001222400489,0
2023-07-28 11:23:39,656.45,234291,10,658.54,64434,145190,0.3056001222400489,0
2023-07-28 11:23:43,656.45,234301,10,658.54,64435,145304,0.3056001222400489,0
2023-07-28 11:23:43,656.45,234301,10,658.54,64448,145314,0.3056001222400489,0
2023-07-28 11:23:43,656.45,234301,10,658.54,64448,145314,0.3056001222400489,0
2023-07-28 11:23:43,656.9,234301,10,658.54,64448,145314,0.37436014974404946,0
2023-07-28 11:23:54,656.9,234311,10,658.54,64648,145349,0.37436014974404946,0
2023-07-28 11:23:54,656.9,234311,26,658.54,64648,145349,0.37436014974404946,0
2023-07-28 11:23:54,656.9,234311,21,658.54,64648,145349,0.37436014974404946,0
2023-07-28 11:23:58,656.5,234489,20,658.54,64902,145349,0.31324012529604317,0
2023-07-28 11:24:01,656.5,234589,20,658.53,64667,145345,0.31324012529604317,0
2023-07-28 11:24:01,656.45,234589,10,658.53,64667,145345,0.3056001222400489,0
2023-07-28 11:24:03,656.45,234600,10,658.53,64511,145341,0.3056001222400489,0
2023-07-28 11:24:03,656.45,234600,10,658.53,64516,145441,0.3056001222400489,0
2023-07-28 11:24:03,656.95,234600,2,658.53,64516,145441,0.3820001528000611,0
2023-07-28 11:24:03,656.95,234600,2,658.53,64516,145441,0.3820001528000611,0
2023-07-28 11:24:18,656.95,234605,1,658.53,64541,145436,0.3820001528000611,0
2023-07-28 11:24:18,656.45,234605,428,658.53,64541,145436,0.3056001222400489,0
2023-07-28 11:24:21,656.45,235115,9,658.53,64442,145872,0.3056001222400489,0
2023-07-28 11:24:21,656.45,235115,9,658.53,64448,145942,0.3056001222400489,0
2023-07-28 11:24:21,656.45,235115,9,658.53,64575,145815,0.3056001222400489,0
2023-07-28 11:24:21,656.9,235115,4,658.53,64575,145815,0.37436014974404946,0
2023-07-28 11:24:27,656.9,235119,4,658.53,64575,145856,0.37436014974404946,0
2023-07-28 11:24:27,656.1,235119,62,658.53,64575,145856,0.2521201008480368,0
2023-07-28 11:24:29,656.1,235519,62,658.53,64135,146326,0.2521201008480368,0
2023-07-28 11:24:29,656.1,235519,62,658.53,64157,146317,0.2521201008480368,0
2023-07-28 11:24:29,656.1,235519,62,658.53,64087,146367,0.2521201008480368,0
2023-07-28 11:24:29,656.1,235519,62,658.53,64034,146196,0.2521201008480368,0
2023-07-28 11:24:29,656.1,235519,62,658.53,64034,146252,0.2521201008480368,0
2023-07-28 11:24:29,656.1,235519,62,658.53,64039,146253,0.2521201008480368,0
2023-07-28 11:24:29,656.1,235519,216,658.53,64039,146253,0.2521201008480368,0
2023-07-28 11:24:44,656.1,235785,216,658.52,63773,146275,0.2521201008480368,0
2023-07-28 11:24:44,656.1,235785,216,658.52,63794,146369,0.2521201008480368,0
2023-07-28 11:24:44,656.1,235785,216,658.52,63799,146378,0.2521201008480368,0
2023-07-28 11:24:44,656.8,235785,207,658.52,63799,146378,0.35908014363204355,0
2023-07-28 11:24:51,656.9,236790,2,658.52,64246,145561,0.37436014974404946,0
2023-07-28 11:24:52,656.9,236792,2,658.52,64124,145863,0.37436014974404946,0
2023-07-28 11:24:52,656.9,236792,2,658.52,64124,145977,0.37436014974404946,0
2023-07-28 11:24:52,656.9,236792,2,658.52,64124,145978,0.37436014974404946,0
2023-07-28 11:24:52,656.9,236792,2,658.52,64124,146006,0.37436014974404946,0
2023-07-28 11:24:52,656.9,236792,2,658.52,64174,146006,0.37436014974404946,0
2023-07-28 11:24:52,656.9,236792,2,658.52,64174,146006,0.37436014974404946,0
2023-07-28 11:24:52,656.45,236792,4,658.52,64174,146006,0.3056001222400489,0
2023-07-28 11:25:10,656.45,236822,4,658.52,63646,146337,0.3056001222400489,0
2023-07-28 11:25:10,656.85,236822,3,658.52,63646,146337,0.3667201466880552,0
2023-07-28 11:25:13,656.85,236826,1,658.52,63676,146333,0.3667201466880552,0
2023-07-28 11:25:13,656.85,236826,1,658.52,63676,146315,0.3667201466880552,0
2023-07-28 11:25:13,656.85,236826,1,658.52,63760,146223,0.3667201466880552,0
2023-07-28 11:25:13,656.85,236826,1,658.52,63765,146183,0.3667201466880552,0
2023-07-28 11:25:13,656.85,236826,1,658.52,63825,146183,0.3667201466880552,0
2023-07-28 11:25:13,656.5,236826,1,658.52,63825,146183,0.31324012529604317,0
2023-07-28 11:25:24,656.5,236827,1,658.52,63893,146184,0.31324012529604317,0
2023-07-28 11:25:28,656.85,236828,1,658.52,63893,146183,0.3667201466880552,0
2023-07-28 11:25:28,656.85,236828,1,658.52,63893,146183,0.3667201466880552,0
2023-07-28 11:25:28,656.85,236828,1,658.52,63908,146224,0.3667201466880552,0
2023-07-28 11:25:28,656.85,236828,1,658.52,63908,146142,0.3667201466880552,0
2023-07-28 11:25:28,656.85,236828,1,658.52,63922,146142,0.3667201466880552,0
2023-07-28 11:25:28,656.85,236828,1,658.52,63922,146183,0.3667201466880552,0
2023-07-28 11:25:28,656.85,236828,15,658.52,63922,146183,0.3667201466880552,0
2023-07-28 11:25:43,656.85,236866,14,658.51,63150,146095,0.3667201466880552,0
2023-07-28 11:25:43,656.25,236866,5,658.51,63150,146095,0.27504011001603706,0
2023-07-28 11:25:43,656.8,236866,9,658.51,63150,146095,0.35908014363204355,0
2023-07-28 11:25:45,656.8,236967,9,658.51,63088,146193,0.35908014363204355,0
2023-07-28 11:25:45,656.8,236967,9,658.51,63188,146203,0.35908014363204355,0
2023-07-28 11:25:45,656.35,236967,3,658.51,63188,146203,0.290320116128043,0
2023-07-28 11:25:49,656.35,236970,3,658.51,63151,146287,0.290320116128043,0
2023-07-28 11:25:49,656.2,236970,83,658.51,63151,146287,0.26740010696004274,0
2023-07-28 11:25:53,656.2,237420,5,658.51,63017,146495,0.26740010696004274,0
2023-07-28 11:25:53,656.2,237420,20,658.51,63017,146495,0.26740010696004274,0
2023-07-28 11:25:53,656.15,237420,3,658.51,63017,146495,0.25976010390403115,0
2023-07-28 11:25:53,656.1,237420,53,658.51,63017,146495,0.2521201008480368,0
2023-07-28 11:25:53,656.0,237420,9,658.51,63017,146495,0.23684009473603093,0
2023-07-28 11:26:01,656.0,238543,9,658.5,61890,146894,0.23684009473603093,0
2023-07-28 11:26:01,656.0,238543,9,658.5,61890,146904,0.23684009473603093,0
2023-07-28 11:26:01,656.0,238543,9,658.5,61893,146924,0.23684009473603093,0
2023-07-28 11:26:01,656.0,238543,1,658.5,61893,146924,0.23684009473603093,0
2023-07-28 11:26:10,656.45,238554,10,658.5,61892,146893,0.3056001222400489,0
2023-07-28 11:26:10,656.0,238554,10,658.5,61892,146893,0.23684009473603093,0
2023-07-28 11:26:11,656.0,238564,10,658.5,61882,146864,0.23684009473603093,0
2023-07-28 11:26:11,656.45,238564,27,658.5,61882,146864,0.3056001222400489,0
2023-07-28 11:26:14,656.45,238664,27,658.5,61882,146791,0.3056001222400489,0
2023-07-28 11:26:14,656.45,238664,27,658.5,61762,146598,0.3056001222400489,0
2023-07-28 11:26:14,656.0,238664,4,658.5,61762,146598,0.23684009473603093,0
2023-07-28 11:26:19,656.0,240361,106,658.48,60203,146936,0.23684009473603093,0
2023-07-28 11:26:20,656.0,240467,106,658.48,60248,146998,0.23684009473603093,0
2023-07-28 11:26:20,656.0,240467,106,658.48,60248,147048,0.23684009473603093,0
2023-07-28 11:26:20,656.05,240467,5,658.48,60248,147048,0.2444800977920252,0
2023-07-28 11:26:27,656.05,240472,5,658.48,60244,147027,0.2444800977920252,0
2023-07-28 11:26:29,655.55,241222,437,658.47,59578,147103,0.168080067232013,0
2023-07-28 11:26:29,655.55,241222,437,658.47,59455,147076,0.168080067232013,0
2023-07-28 11:26:29,655.55,241222,437,658.47,59455,147048,0.168080067232013,0
2023-07-28 11:26:29,655.55,241222,10,658.47,59455,147048,0.168080067232013,0
2023-07-28 11:26:29,656.55,241222,12,658.47,59455,147048,0.32088012835203744,0
2023-07-28 11:26:41,656.55,241732,12,658.46,60005,146424,0.32088012835203744,0
2023-07-28 11:26:41,655.7,241732,10,658.46,60005,146424,0.19100007640003056,0
2023-07-28 11:26:41,655.65,241732,6,658.46,60005,146424,0.1833600733440189,0
2023-07-28 11:26:44,655.65,241808,6,658.46,60285,146577,0.1833600733440189,0
2023-07-28 11:26:44,656.2,241808,9,658.46,60285,146577,0.26740010696004274,0
2023-07-28 11:26:46,656.2,241818,9,658.46,60366,146600,0.26740010696004274,0
2023-07-28 11:26:46,656.2,241818,9,658.46,60388,146607,0.26740010696004274,0
2023-07-28 11:26:46,656.2,241818,9,658.46,60415,146607,0.26740010696004274,0
2023-07-28 11:26:46,656.2,241818,9,658.46,60415,146607,0.26740010696004274,0
2023-07-28 11:26:46,656.0,241818,1,658.46,60607,146516,0.23684009473603093,0
2023-07-28 11:26:46,656.0,241818,5,658.46,60607,146516,0.23684009473603093,0
2023-07-28 11:27:08,656.0,241827,3,658.46,60651,146507,0.23684009473603093,0
2023-07-28 11:27:08,656.2,241827,1,658.46,60651,146507,0.26740010696004274,0
2023-07-28 11:27:08,656.2,241827,1,658.46,60651,146507,0.26740010696004274,0
2023-07-28 11:27:10,656.2,241830,1,658.46,60736,146480,0.26740010696004274,0
2023-07-28 11:27:10,656.2,241830,1,658.46,60788,146052,0.26740010696004274,0
2023-07-28 11:27:10,655.95,241830,1,658.46,60788,146052,0.22920009168003666,0
2023-07-28 11:27:16,655.95,241850,1,658.46,60970,146130,0.22920009168003666,0
2023-07-28 11:27:22,656.0,241914,39,658.46,60655,146500,0.23684009473603093,0
2023-07-28 11:27:22,656.4,241914,1,658.46,60655,146500,0.29796011918403725,0
2023-07-28 11:27:22,656.4,241915,1,658.46,60767,146559,0.29796011918403725,0
2023-07-28 11:27:22,656.4,241915,1,658.46,60770,146559,0.29796011918403725,0
2023-07-28 11:27:22,656.4,241915,1,658.46,60851,146613,0.29796011918403725,0
2023-07-28 11:27:22,656.4,241915,91,658.46,60851,146613,0.29796011918403725,0
2023-07-28 11:27:36,656.4,242015,91,658.46,60868,146492,0.29796011918403725,0
2023-07-28 11:27:36,656.4,242015,91,658.46,60869,146492,0.29796011918403725,0
2023-07-28 11:27:36,656.4,242015,91,658.46,60875,146492,0.29796011918403725,0
2023-07-28 11:27:36,656.05,242015,4,658.46,60875,146492,0.2444800977920252,0
2023-07-28 11:27:50,656.05,242019,4,658.46,60871,146492,0.2444800977920252,0
2023-07-28 11:27:50,656.05,242019,4,658.46,60891,146453,0.2444800977920252,0
2023-07-28 11:27:50,656.05,242019,4,658.46,60721,146343,0.2444800977920252,0
2023-07-28 11:27:50,656.05,242019,4,658.46,60721,146359,0.2444800977920252,0
2023-07-28 11:27:50,656.05,242019,4,658.46,60916,146362,0.2444800977920252,0
2023-07-28 11:27:50,656.55,242019,3,658.46,60916,146362,0.32088012835203744,0
2023-07-28 11:28:05,656.55,242034,3,658.46,61716,146417,0.32088012835203744,0
2023-07-28 11:28:05,656.55,242034,2,658.46,61716,146417,0.32088012835203744,0
2023-07-28 11:28:09,656.55,242036,2,658.46,61791,146450,0.32088012835203744,0
2023-07-28 11:28:17,656.55,242041,1,658.46,61791,146421,0.32088012835203744,0
2023-07-28 11:28:17,656.55,242041,1,658.46,61809,146406,0.32088012835203744,0
2023-07-28 11:28:17,656.55,242041,1,658.46,61866,146361,0.32088012835203744,0
2023-07-28 11:28:17,656.2,242041,2,658.46,62006,146361,0.26740010696004274,0
2023-07-28 11:28:17,656.55,242041,8,658.46,62006,146361,0.32088012835203744,0
2023-07-28 11:28:28,656.55,242051,8,658.46,62104,146353,0.32088012835203744,0
2023-07-28 11:28:28,656.55,242051,8,658.46,62061,146185,0.32088012835203744,0
2023-07-28 11:28:28,656.55,242051,8,658.46,62163,146185,0.32088012835203744,0
2023-07-28 11:28:28,656.55,242051,8,658.46,62168,146185,0.32088012835203744,0
2023-07-28 11:28:28,656.75,242051,10,658.46,62168,146185,0.3514401405760493,0
2023-07-28 11:28:40,656.75,242101,10,658.46,62327,146169,0.3514401405760493,0
2023-07-28 11:28:40,656.75,242101,10,658.46,62327,146217,0.3514401405760493,0
2023-07-28 11:28:40,656.7,242101,1,658.46,62327,146217,0.343800137520055,0
2023-07-28 11:28:52,656.7,242102,1,658.46,62328,146216,0.343800137520055,0
2023-07-28 11:28:52,656.7,242102,1,658.46,62328,146216,0.343800137520055,0
2023-07-28 11:28:52,656.7,242102,1,658.46,62328,146157,0.343800137520055,0
2023-07-28 11:28:52,656.7,242102,1,658.46,61848,146207,0.343800137520055,0
2023-07-28 11:28:52,656.7,242102,1,658.46,61972,146314,0.343800137520055,0
2023-07-28 11:28:52,656.7,242102,1,658.46,62027,146338,0.343800137520055,0
2023-07-28 11:28:52,656.7,242102,1,658.46,62027,146338,0.343800137520055,0
2023-07-28 11:29:14,656.7,242117,4,658.46,62077,146323,0.343800137520055,0
2023-07-28 11:29:14,656.7,242117,4,658.46,62098,146323,0.343800137520055,0
2023-07-28 11:29:14,656.7,242117,4,658.46,62098,146323,0.343800137520055,0
2023-07-28 11:29:21,656.7,242127,10,658.46,62098,146327,0.343800137520055,0
2023-07-28 11:29:29,656.1,242207,5,658.46,61727,146503,0.2521201008480368,0
2023-07-28 11:29:29,656.65,242207,10,658.46,61727,146503,0.33616013446404336,0
2023-07-28 11:29:31,656.15,242224,7,658.46,61873,146487,0.25976010390403115,0
2023-07-28 11:29:31,656.65,242224,10,658.46,61873,146487,0.33616013446404336,0
2023-07-28 11:29:34,656.65,242234,10,658.46,61957,146477,0.33616013446404336,0
2023-07-28 11:29:34,656.65,242234,19,658.46,61797,146392,0.33616013446404336,0
2023-07-28 11:29:37,656.65,242253,2,658.46,61797,146300,0.33616013446404336,0
2023-07-28 11:29:39,656.65,242255,2,658.46,61871,146240,0.33616013446404336,0
2023-07-28 11:29:39,656.65,242255,2,658.46,61912,146293,0.33616013446404336,0
2023-07-28 11:29:39,656.7,242255,1,658.46,61912,146293,0.343800137520055,0
2023-07-28 11:29:48,656.7,242290,3,658.46,61999,146290,0.343800137520055,0
2023-07-28 11:29:48,656.7,242290,3,658.46,62000,146290,0.343800137520055,0
2023-07-28 11:29:52,656.7,242295,5,658.46,62000,146293,0.343800137520055,0
2023-07-28 11:29:52,656.2,242295,5,658.46,62000,146293,0.26740010696004274,0
2023-07-28 11:29:55,656.2,242300,5,658.46,61995,146293,0.26740010696004274,0
2023-07-28 11:29:55,656.7,242300,5,658.46,61995,146293,0.343800137520055,0
2023-07-28 11:29:58,656.7,242305,5,658.46,62005,146236,0.343800137520055,0
2023-07-28 11:29:58,656.7,242305,5,658.46,62021,146236,0.343800137520055,0
2023-07-28 11:29:58,656.7,242305,5,658.46,62021,146254,0.343800137520055,0
2023-07-28 11:29:58,656.7,242305,5,658.46,62002,146304,0.343800137520055,0
2023-07-28 11:29:58,656.7,242305,5,658.46,62002,146303,0.343800137520055,0
2023-07-28 11:29:58,656.25,242305,10,658.46,62002,146303,0.27504011001603706,0
2023-07-28 11:30:18,656.25,242325,10,658.46,61993,146307,0.27504011001603706,0
2023-07-28 11:30:18,656.7,242325,3,658.46,61993,146307,0.343800137520055,0
2023-07-28 11:30:20,656.25,242328,2,658.46,61993,146316,0.27504011001603706,0
2023-07-28 11:30:22,656.25,242330,2,658.46,61991,146317,0.27504011001603706,0
2023-07-28 11:30:22,656.2,242330,57,658.46,61991,146317,0.26740010696004274,0
2023-07-28 11:30:28,656.2,242413,57,658.46,61864,146329,0.26740010696004274,0
2023-07-28 11:30:28,656.5,242413,2,658.46,61864,146329,0.31324012529604317,0
2023-07-28 11:30:28,656.25,242413,2,658.46,61864,146329,0.27504011001603706,0
2023-07-28 11:30:31,656.25,242417,2,658.46,61958,146362,0.27504011001603706,0
2023-07-28 11:30:31,656.1,242417,1,658.46,61958,146362,0.2521201008480368,0
2023-07-28 11:30:31,656.1,242417,1,658.46,61958,146362,0.2521201008480368,0
2023-07-28 11:30:34,656.55,242459,21,658.46,62050,146020,0.32088012835203744,0
2023-07-28 11:30:34,656.2,242459,10,658.46,62050,146078,0.26740010696004274,0
2023-07-28 11:30:34,656.75,242459,1,658.46,62050,146078,0.3514401405760493,0
2023-07-28 11:30:42,656.75,242470,1,658.46,62119,146077,0.3514401405760493,0
2023-07-28 11:30:42,656.75,242470,1,658.46,62093,146077,0.3514401405760493,0
2023-07-28 11:30:42,656.75,242470,1,658.46,62114,146087,0.3514401405760493,0
2023-07-28 11:30:49,656.25,242471,1,658.46,62113,146159,0.27504011001603706,0
2023-07-28 11:30:49,656.25,242471,1,658.46,62113,146194,0.27504011001603706,0
2023-07-28 11:30:49,656.25,242471,1,658.46,62113,146264,0.27504011001603706,0
2023-07-28 11:30:49,656.8,242471,8,658.46,62113,146264,0.35908014363204355,0
2023-07-28 11:30:49,656.25,242471,2,658.46,62113,146264,0.27504011001603706,0
2023-07-28 11:30:56,656.25,242513,2,658.46,62111,146240,0.27504011001603706,0
2023-07-28 11:30:59,656.25,242515,2,658.46,61940,146496,0.27504011001603706,0
2023-07-28 11:30:59,656.25,242515,2,658.46,61940,146493,0.27504011001603706,0
2023-07-28 11:30:59,656.25,242515,2,658.46,61950,146493,0.27504011001603706,0
2023-07-28 11:30:59,656.25,242515,1,658.46,61950,146493,0.27504011001603706,0
2023-07-28 11:31:05,656.25,242516,1,658.46,61895,146493,0.27504011001603706,0
2023-07-28 11:31:05,656.25,242516,1,658.46,62187,146493,0.27504011001603706,0
2023-07-28 11:31:05,656.25,242516,1,658.46,62144,146472,0.27504011001603706,0
2023-07-28 11:31:05,656.25,242516,16,658.46,62144,146472,0.27504011001603706,0
2023-07-28 11:31:18,656.25,242562,16,658.46,62207,146463,0.27504011001603706,0
2023-07-28 11:31:18,656.25,242562,16,658.46,62205,146463,0.27504011001603706,0
2023-07-28 11:31:18,656.25,242562,22,658.46,62205,146452,0.27504011001603706,0
2023-07-28 11:31:18,656.55,242562,1,658.46,62205,146452,0.32088012835203744,0
2023-07-28 11:31:33,656.55,242585,1,658.46,62183,146462,0.32088012835203744,0
2023-07-28 11:31:39,656.65,242600,1,658.46,62183,146364,0.33616013446404336,0
2023-07-28 11:31:39,656.25,242600,9,658.46,62183,146364,0.27504011001603706,0
2023-07-28 11:31:39,656.25,242609,7,658.46,62174,146354,0.27504011001603706,0
2023-07-28 11:31:39,656.25,242609,2,658.46,62174,146354,0.27504011001603706,0
2023-07-28 11:31:43,656.25,242634,2,658.46,62149,146361,0.27504011001603706,0
2023-07-28 11:31:43,656.25,242634,2,658.46,62151,146354,0.27504011001603706,0
2023-07-28 11:31:43,656.25,242634,2,658.46,62151,146354,0.27504011001603706,0
2023-07-28 11:31:50,656.25,242636,2,658.46,62149,146361,0.27504011001603706,0
2023-07-28 11:31:50,656.15,242636,52,658.46,62149,146361,0.25976010390403115,0
2023-07-28 11:31:51,656.15,242736,52,658.46,61910,146426,0.25976010390403115,0
2023-07-28 11:31:51,656.15,242736,52,658.46,62010,146426,0.25976010390403115,0
2023-07-28 11:31:51,656.15,242736,52,658.46,62010,146426,0.25976010390403115,0
2023-07-28 11:31:51,656.15,242736,52,658.46,62010,146426,0.25976010390403115,0
2023-07-28 11:32:09,656.15,242756,20,658.46,62080,146397,0.25976010390403115,0
2023-07-28 11:32:09,656.15,242756,1,658.46,62080,146397,0.25976010390403115,0
2023-07-28 11:32:10,656.15,242757,1,658.46,62079,146404,0.25976010390403115,0
2023-07-28 11:32:10,656.15,242757,1,658.46,62134,146404,0.25976010390403115,0
2023-07-28 11:32:10,656.2,242757,21,658.46,62684,146404,0.26740010696004274,0
2023-07-28 11:32:21,656.2,242778,21,658.46,62592,146404,0.26740010696004274,0
2023-07-28 11:32:21,656.2,242778,21,658.46,62592,146404,0.26740010696004274,0
2023-07-28 11:32:21,656.1,242778,1,658.46,62592,146404,0.2521201008480368,0
2023-07-28 11:32:21,656.1,242778,1,658.46,62592,146404,0.2521201008480368,0
2023-07-28 11:32:26,656.1,242924,1,658.45,62283,146434,0.2521201008480368,0
2023-07-28 11:32:26,656.1,242924,1,658.45,62234,146435,0.2521201008480368,0
2023-07-28 11:32:26,656.1,242924,1,658.45,62239,146451,0.2521201008480368,0
2023-07-28 11:32:26,656.1,242924,1,658.45,62239,146486,0.2521201008480368,0
2023-07-28 11:32:26,656.1,242924,1,658.45,62249,146486,0.2521201008480368,0
2023-07-28 11:32:26,656.1,242924,1,658.45,62249,146486,0.2521201008480368,0
2023-07-28 11:32:51,656.1,242939,1,658.45,62234,146488,0.2521201008480368,0
2023-07-28 11:32:51,656.1,242939,1,658.45,62257,146510,0.2521201008480368,0
2023-07-28 11:32:51,656.1,242939,1,658.45,62242,146506,0.2521201008480368,0
2023-07-28 11:32:51,656.1,242939,1,658.45,62274,146506,0.2521201008480368,0
2023-07-28 11:32:51,656.55,242939,6,658.45,62274,146506,0.32088012835203744,0
2023-07-28 11:33:00,656.55,242945,6,658.45,62275,146499,0.32088012835203744,0
2023-07-28 11:33:00,656.55,242945,6,658.45,62275,146498,0.32088012835203744,0
2023-07-28 11:33:00,656.1,242945,6,658.45,62275,146498,0.2521201008480368,0
2023-07-28 11:33:06,656.1,242955,6,658.45,62265,146498,0.2521201008480368,0
2023-07-28 11:33:06,656.1,242955,6,658.45,62264,146497,0.2521201008480368,0
2023-07-28 11:33:16,656.1,243055,96,658.45,62157,146497,0.2521201008480368,0
2023-07-28 11:33:23,656.55,243060,5,658.45,62084,146492,0.32088012835203744,0
2023-07-28 11:33:23,656.55,243060,20,658.45,62084,146492,0.32088012835203744,0
2023-07-28 11:33:24,656.55,243080,20,658.45,62170,146472,0.32088012835203744,0
2023-07-28 11:33:24,656.1,243080,50,658.45,62170,146472,0.2521201008480368,0
2023-07-28 11:33:26,656.1,243150,50,658.45,62100,146472,0.2521201008480368,0
2023-07-28 11:33:29,656.55,243154,1,658.45,62101,146668,0.32088012835203744,0
2023-07-28 11:33:29,656.0,243154,16,658.45,62101,146668,0.23684009473603093,0
2023-07-28 11:33:30,656.0,243204,16,658.45,61918,146668,0.23684009473603093,0
2023-07-28 11:33:30,656.0,243204,16,658.45,61943,146668,0.23684009473603093,0
2023-07-28 11:33:30,656.0,243204,16,658.45,61943,146674,0.23684009473603093,0
2023-07-28 11:33:30,656.1,243204,4,658.45,61943,146674,0.2521201008480368,0
2023-07-28 11:33:40,656.1,243208,4,658.45,61939,146677,0.2521201008480368,0
2023-07-28 11:33:40,656.1,243208,4,658.45,61939,146746,0.2521201008480368,0
2023-07-28 11:33:40,656.1,243208,4,658.45,61989,146743,0.2521201008480368,0
2023-07-28 11:33:40,656.1,243208,4,658.45,62259,146743,0.2521201008480368,0
2023-07-28 11:33:40,656.1,243208,4,658.45,61867,146743,0.2521201008480368,0
2023-07-28 11:34:00,656.55,243210,2,658.45,61867,146741,0.32088012835203744,0
2023-07-28 11:34:00,656.55,243210,2,658.45,61867,146725,0.32088012835203744,0
2023-07-28 11:34:00,656.55,243210,2,658.45,61867,146726,0.32088012835203744,0
2023-07-28 11:34:00,656.55,243210,2,658.45,61869,146726,0.32088012835203744,0
2023-07-28 11:34:00,656.5,243210,3,658.45,61869,146726,0.31324012529604317,0
2023-07-28 11:34:12,656.5,243213,3,658.45,61870,146623,0.31324012529604317,0
2023-07-28 11:34:12,656.5,243213,13,658.45,61870,146623,0.31324012529604317,0
2023-07-28 11:34:14,656.5,243238,13,658.45,62005,146459,0.31324012529604317,0
2023-07-28 11:34:14,656.5,243238,13,658.45,62005,146968,0.31324012529604317,0
2023-07-28 11:34:19,656.5,243239,1,658.45,62055,146967,0.31324012529604317,0
2023-07-28 11:34:19,656.5,243239,1,658.45,62055,146969,0.31324012529604317,0
2023-07-28 11:34:19,656.15,243239,5,658.45,62055,146969,0.25976010390403115,0
2023-07-28 11:34:26,656.5,243259,7,658.45,62050,146976,0.31324012529604317,0
2023-07-28 11:34:26,656.5,243259,1,658.45,62050,146976,0.31324012529604317,0
2023-07-28 11:34:28,656.5,243275,1,658.45,62050,146982,0.31324012529604317,0
2023-07-28 11:34:28,656.05,243275,23,658.45,62050,146982,0.2444800977920252,0
2023-07-28 11:34:28,656.1,243275,1,658.45,62050,146982,0.2521201008480368,0
2023-07-28 11:34:30,656.1,243676,1,658.45,61741,147118,0.2521201008480368,0
2023-07-28 11:34:30,656.1,243676,1,658.45,61741,147118,0.2521201008480368,0
2023-07-28 11:34:35,656.55,243761,28,658.45,61759,147112,0.32088012835203744,0
2023-07-28 11:34:35,656.55,243761,3,658.45,61759,147112,0.32088012835203744,0
2023-07-28 11:34:35,656.15,243761,9,658.45,61759,147112,0.25976010390403115,0
2023-07-28 11:34:39,656.15,243774,9,658.45,61749,147110,0.25976010390403115,0
2023-07-28 11:34:44,656.55,243779,2,658.45,61749,147111,0.32088012835203744,0
2023-07-28 11:34:44,656.55,243779,20,658.45,61749,147111,0.32088012835203744,0
2023-07-28 11:34:49,656.55,243819,20,658.45,61749,147087,0.32088012835203744,0
2023-07-28 11:34:49,656.55,243819,20,658.45,61825,147110,0.32088012835203744,0
2023-07-28 11:34:49,656.15,243819,7,658.45,61825,147110,0.25976010390403115,0
2023-07-28 11:34:55,656.15,243834,7,658.45,61810,147110,0.25976010390403115,0
2023-07-28 11:34:55,656.15,243834,7,658.45,61865,147041,0.25976010390403115,0
2023-07-28 11:34:55,656.55,243834,2,658.45,61865,147041,0.32088012835203744,0
2023-07-28 11:35:03,656.55,243836,2,658.45,61965,146972,0.32088012835203744,0
2023-07-28 11:35:03,656.55,243836,2,658.45,61998,146982,0.32088012835203744,0
2023-07-28 11:35:03,656.55,243836,2,658.45,62505,146982,0.32088012835203744,0
2023-07-28 11:35:03,656.55,243836,2,658.45,62505,146982,0.32088012835203744,0
2023-07-28 11:35:14,656.75,243858,9,658.45,63163,146858,0.3514401405760493,0
2023-07-28 11:35:14,656.75,243858,9,658.45,63223,146864,0.3514401405760493,0
2023-07-28 11:35:14,656.75,243858,15,658.45,63223,146864,0.3514401405760493,0
2023-07-28 11:35:19,656.75,243873,15,658.45,63230,146849,0.3514401405760493,0
2023-07-28 11:35:19,656.75,243873,15,658.45,63249,146849,0.3514401405760493,0
2023-07-28 11:35:19,656.55,243873,2,658.45,63249,146849,0.32088012835203744,0
2023-07-28 11:35:24,656.55,243875,2,658.45,63263,146850,0.32088012835203744,0
2023-07-28 11:35:24,656.55,243875,2,658.45,63288,146850,0.32088012835203744,0
2023-07-28 11:35:24,656.75,243875,2,658.45,63288,146850,0.3514401405760493,0
2023-07-28 11:35:29,656.75,243877,2,658.45,63289,146847,0.3514401405760493,0
2023-07-28 11:35:29,656.75,243877,3,658.45,63289,146847,0.3514401405760493,0
2023-07-28 11:35:30,656.75,243880,3,658.45,63317,146889,0.3514401405760493,0
2023-07-28 11:35:30,656.55,243880,1,658.45,63317,146889,0.32088012835203744,0
2023-07-28 11:35:34,656.55,243884,1,658.45,63401,146925,0.32088012835203744,0
2023-07-28 11:35:34,656.7,243884,3,658.45,63401,146925,0.343800137520055,0
2023-07-28 11:35:34,656.55,243884,1,658.45,63401,146925,0.32088012835203744,0
2023-07-28 11:35:36,656.55,243888,1,658.45,63313,146922,0.32088012835203744,0
2023-07-28 11:35:36,656.3,243888,3,658.45,63313,146922,0.28268011307203134,0
2023-07-28 11:35:39,656.5,243915,1,658.45,63835,147032,0.31324012529604317,0
2023-07-28 11:35:39,656.5,243915,1,658.45,63835,147026,0.31324012529604317,0
2023-07-28 11:35:39,656.5,243915,1,658.45,63848,147026,0.31324012529604317,0
2023-07-28 11:35:39,656.5,243915,1,658.45,63832,147026,0.31324012529604317,0
2023-07-28 11:35:39,656.5,243915,1,658.45,63747,147026,0.31324012529604317,0
2023-07-28 11:35:49,656.5,243916,1,658.45,63861,147140,0.31324012529604317,0
2023-07-28 11:35:49,656.85,243916,1,658.45,63861,147140,0.3667201466880552,0
2023-07-28 11:35:53,656.5,244001,10,658.44,63792,147985,0.31324012529604317,0
2023-07-28 11:35:53,656.5,244001,10,658.44,63702,147992,0.31324012529604317,0
2023-07-28 11:35:53,656.5,244001,20,658.44,63702,147992,0.31324012529604317,0
2023-07-28 11:35:56,656.5,244039,20,658.44,63519,148338,0.31324012529604317,0
2023-07-28 11:35:56,656.5,244039,9,658.44,63519,148334,0.31324012529604317,0
2023-07-28 11:36:03,656.2,244071,6,658.44,63518,148322,0.26740010696004274,0
2023-07-28 11:36:03,656.5,244071,20,658.44,63518,148322,0.31324012529604317,0
2023-07-28 11:36:04,656.5,244091,20,658.44,63504,148302,0.31324012529604317,0
2023-07-28 11:36:04,656.65,244091,79,658.44,63504,148302,0.33616013446404336,0
2023-07-28 11:36:11,656.65,244180,79,658.44,63993,148017,0.33616013446404336,0
2023-07-28 11:36:11,656.65,244180,79,658.44,64044,148024,0.33616013446404336,0
2023-07-28 11:36:11,656.35,244180,20,658.44,64044,148024,0.290320116128043,0
2023-07-28 11:36:17,656.35,244200,20,658.44,63822,148054,0.290320116128043,0
2023-07-28 11:36:17,656.35,244200,20,658.44,63822,148054,0.290320116128043,0
2023-07-28 11:36:17,656.85,244200,51,658.44,63822,148054,0.3667201466880552,0
2023-07-28 11:36:24,656.85,244260,51,658.44,63874,148045,0.3667201466880552,0
2023-07-28 11:36:24,656.85,244260,51,658.44,63875,148065,0.3667201466880552,0
2023-07-28 11:36:24,656.4,244260,3,658.44,63875,148065,0.29796011918403725,0
2023-07-28 11:36:31,656.4,244263,3,658.44,63968,148067,0.29796011918403725,0
2023-07-28 11:36:36,656.85,244265,2,658.44,63960,148065,0.3667201466880552,0
2023-07-28 11:36:36,656.85,244265,2,658.44,64017,148063,0.3667201466880552,0
2023-07-28 11:36:36,656.85,244265,2,658.44,64019,148163,0.3667201466880552,0
2023-07-28 11:36:46,656.9,244387,11,658.44,64019,148138,0.37436014974404946,0
2023-07-28 11:36:46,656.9,244387,11,658.44,64019,148138,0.37436014974404946,0
2023-07-28 11:36:46,656.9,244387,11,658.44,63523,148288,0.37436014974404946,0
2023-07-28 11:36:46,656.9,244387,11,658.44,63524,148288,0.37436014974404946,0
2023-07-28 11:36:46,656.85,244387,10,658.44,63524,148288,0.3667201466880552,0
2023-07-28 11:36:58,656.85,244397,10,658.44,63543,148949,0.3667201466880552,0
2023-07-28 11:36:58,656.85,244397,10,658.44,63548,149008,0.3667201466880552,0
2023-07-28 11:36:58,656.95,244397,18,658.44,63548,149008,0.3820001528000611,0
2023-07-28 11:37:12,656.9,246082,61,658.43,63903,146862,0.37436014974404946,0
2023-07-28 11:37:12,656.9,246170,61,658.43,63731,147309,0.37436014974404946,0
2023-07-28 11:37:12,656.9,246170,61,658.43,63741,147308,0.37436014974404946,0
2023-07-28 11:37:12,656.9,246170,61,658.43,63744,147308,0.37436014974404946,0
2023-07-28 11:37:21,657.0,246270,100,658.43,63650,147354,0.3896401558560554,0
2023-07-28 11:37:21,657.0,246270,100,658.43,63640,147489,0.3896401558560554,0
2023-07-28 11:37:21,657.25,246270,5,658.43,63640,147489,0.4278401711360615,0
2023-07-28 11:37:25,657.25,246275,5,658.43,63775,147496,0.4278401711360615,0
2023-07-28 11:37:25,657.25,246275,5,658.43,64831,147302,0.4278401711360615,0
2023-07-28 11:37:25,657.0,246275,73,658.43,64861,147215,0.3896401558560554,0
2023-07-28 11:37:33,657.0,246348,73,658.43,64862,147291,0.3896401558560554,0
2023-07-28 11:37:33,657.35,246348,10,658.43,64862,147291,0.4431201772480674,0
2023-07-28 11:37:36,657.35,246358,10,658.43,64943,147318,0.4431201772480674,0
2023-07-28 11:37:36,657.35,246358,10,658.43,64945,147318,0.4431201772480674,0
2023-07-28 11:37:36,657.35,246358,18,658.43,64945,147318,0.4431201772480674,0
2023-07-28 11:37:45,657.35,246376,18,658.43,64957,147318,0.4431201772480674,0
2023-07-28 11:37:45,657.35,246376,18,658.43,64957,147080,0.4431201772480674,0
2023-07-28 11:37:45,657.35,246376,18,658.43,64991,147085,0.4431201772480674,0
2023-07-28 11:37:45,657.3,246376,2,658.43,64991,147085,0.43548017419205576,0
2023-07-28 11:37:53,657.3,246378,2,658.43,64674,147313,0.43548017419205576,0
2023-07-28 11:37:53,657.3,246378,2,658.43,64504,147178,0.43548017419205576,0
2023-07-28 11:37:53,657.3,246378,2,658.43,64505,147178,0.43548017419205576,0
2023-07-28 11:37:53,657.3,246378,4,658.43,64505,147178,0.43548017419205576,0
2023-07-28 11:38:00,657.3,246382,4,658.43,64365,147144,0.43548017419205576,0
2023-07-28 11:38:00,657.3,246382,4,658.43,64365,147149,0.43548017419205576,0
2023-07-28 11:38:00,657.3,246382,3,658.43,64365,147149,0.43548017419205576,0
2023-07-28 11:38:00,657.3,246382,15,658.43,64365,147149,0.43548017419205576,0
2023-07-28 11:38:08,657.3,246519,10,658.43,64321,147148,0.43548017419205576,0
2023-07-28 11:38:08,657.25,246519,1,658.43,64321,147148,0.4278401711360615,0
2023-07-28 11:38:08,657.25,246519,1,658.43,64321,147148,0.4278401711360615,0
2023-07-28 11:38:13,657.25,246646,1,658.43,64352,147056,0.4278401711360615,0
2023-07-28 11:38:13,657.25,246646,1,658.43,64352,147079,0.4278401711360615,0
2023-07-28 11:38:13,657.25,246646,1,658.43,64482,147194,0.4278401711360615,0
2023-07-28 11:38:13,657.15,246646,1,658.43,64482,147194,0.41256016502405557,0
2023-07-28 11:38:20,657.15,246647,1,658.43,64481,147194,0.41256016502405557,0
2023-07-28 11:38:20,657.15,246647,2,658.43,64481,147194,0.41256016502405557,0
2023-07-28 11:38:25,657.45,246649,5,658.43,64479,147194,0.4584001833600733,0
2023-07-28 11:38:25,657.15,246649,4,658.43,64479,147194,0.41256016502405557,0
2023-07-28 11:38:25,657.55,246649,1,658.43,64479,147194,0.47368018947206186,0
2023-07-28 11:38:30,657.55,246773,1,658.43,64537,147129,0.47368018947206186,0
2023-07-28 11:38:30,657.55,246773,1,658.43,64655,147232,0.47368018947206186,0
2023-07-28 11:38:30,657.0,246773,40,658.43,64655,147232,0.3896401558560554,0
2023-07-28 11:38:35,657.0,246823,40,658.43,64575,147266,0.3896401558560554,0
2023-07-28 11:38:35,656.9,246823,1,658.43,64575,147266,0.37436014974404946,0
2023-07-28 11:38:37,656.9,246824,1,658.43,64704,147505,0.37436014974404946,0
2023-07-28 11:38:37,657.0,246824,50,658.43,64704,147505,0.3896401558560554,0
2023-07-28 11:38:40,657.0,246874,50,658.43,64654,147647,0.3896401558560554,0
2023-07-28 11:38:40,657.0,246874,2,658.43,64654,147647,0.3896401558560554,0
2023-07-28 11:38:44,657.0,246876,2,658.43,64601,147652,0.3896401558560554,0
2023-07-28 11:38:44,657.0,246876,2,658.43,64601,147706,0.3896401558560554,0
2023-07-28 11:38:53,657.0,246922,46,658.43,64606,147546,0.3896401558560554,0
2023-07-28 11:38:53,656.85,246922,6,658.43,64606,147546,0.3667201466880552,0
2023-07-28 11:38:53,656.85,247047,6,658.43,64481,147661,0.3667201466880552,0
2023-07-28 11:38:53,656.85,247047,6,658.43,64481,147706,0.3667201466880552,0
2023-07-28 11:38:53,656.85,247047,6,658.43,64482,147776,0.3667201466880552,0
2023-07-28 11:38:53,656.85,247047,6,658.43,64482,147811,0.3667201466880552,0
2023-07-28 11:38:53,656.85,247047,6,658.43,64372,147811,0.3667201466880552,0
2023-07-28 11:38:53,656.7,247047,15,658.43,64372,147811,0.343800137520055,0
2023-07-28 11:39:08,656.7,247067,15,658.43,64395,147895,0.343800137520055,0
2023-07-28 11:39:08,656.7,247067,15,658.43,64396,147560,0.343800137520055,0
2023-07-28 11:39:17,656.75,247101,10,658.43,63836,147586,0.3514401405760493,0
2023-07-28 11:39:17,656.75,247101,10,658.43,63836,147586,0.3514401405760493,0
2023-07-28 11:39:17,657.0,247101,15,658.43,63836,147586,0.3896401558560554,0
2023-07-28 11:39:18,657.0,247116,15,658.43,63711,147721,0.3896401558560554,0
2023-07-28 11:39:18,657.0,247116,15,658.43,63711,147765,0.3896401558560554,0
2023-07-28 11:39:18,657.0,247116,15,658.43,63690,147831,0.3896401558560554,0
2023-07-28 11:39:18,656.75,247116,10,658.43,63711,147838,0.3514401405760493,0
2023-07-28 11:39:29,656.75,247126,10,658.43,63701,147955,0.3514401405760493,0
2023-07-28 11:39:29,656.75,247126,10,658.43,63701,147966,0.3514401405760493,0
2023-07-28 11:39:29,656.75,247126,10,658.43,63588,147852,0.3514401405760493,0
2023-07-28 11:39:29,656.75,247126,10,658.43,63588,147878,0.3514401405760493,0
2023-07-28 11:39:29,656.75,247126,10,658.43,63778,147950,0.3514401405760493,0
2023-07-28 11:39:29,656.75,247126,1,658.43,63778,147950,0.3514401405760493,0
2023-07-28 11:39:50,656.75,247127,1,658.43,63737,147990,0.3514401405760493,0
2023-07-28 11:39:50,656.75,247127,1,658.43,63737,148020,0.3514401405760493,0
2023-07-28 11:39:50,657.0,247127,7,658.43,63737,148020,0.3896401558560554,0
2023-07-28 11:39:58,657.0,247134,7,658.43,63767,148013,0.3896401558560554,0
2023-07-28 11:39:58,656.75,247134,8,658.43,63767,148013,0.3514401405760493,0
2023-07-28 11:40:00,656.75,247208,8,658.43,63694,148013,0.3514401405760493,0
2023-07-28 11:40:00,656.75,247208,3,658.43,63694,148013,0.3514401405760493,0
2023-07-28 11:40:10,656.75,247211,3,658.43,63691,148013,0.3514401405760493,0
2023-07-28 11:40:10,657.0,247211,44,658.43,63691,148013,0.3896401558560554,0
2023-07-28 11:40:10,656.75,247211,40,658.43,63691,148013,0.3514401405760493,0
2023-07-28 11:40:17,656.75,247302,1,658.43,63650,147971,0.3514401405760493,0
2023-07-28 11:40:17,657.0,247302,14,658.43,63650,147971,0.3896401558560554,0
2023-07-28 11:40:17,657.0,247322,14,658.43,63655,148001,0.3896401558560554,0
2023-07-28 11:40:17,657.0,247322,5,658.43,63655,148001,0.3896401558560554,0
2023-07-28 11:40:21,657.0,247327,5,658.43,63655,147996,0.3896401558560554,0
2023-07-28 11:40:21,657.0,247327,5,658.43,63656,147996,0.3896401558560554,0
2023-07-28 11:40:26,657.0,247347,20,658.42,63656,147976,0.3896401558560554,0
2023-07-28 11:40:26,657.0,247347,25,658.42,63656,147976,0.3896401558560554,0
2023-07-28 11:40:27,657.0,247372,25,658.42,63656,147951,0.3896401558560554,0
2023-07-28 11:40:27,657.0,247372,25,658.42,63661,147951,0.3896401558560554,0
2023-07-28 11:40:33,657.0,247392,20,658.42,63661,148131,0.3896401558560554,0
2023-07-28 11:40:33,657.0,247392,20,658.42,63681,148131,0.3896401558560554,0
2023-07-28 11:40:33,657.0,247392,167,658.42,63681,148131,0.3896401558560554,0
2023-07-28 11:40:44,657.0,247692,167,658.42,63681,147889,0.3896401558560554,0
2023-07-28 11:40:44,657.0,247692,23,658.42,63681,147889,0.3896401558560554,0
2023-07-28 11:40:48,657.0,248148,23,658.42,63682,147843,0.3896401558560554,0
2023-07-28 11:40:48,657.0,248148,20,658.42,63682,147843,0.3896401558560554,0
2023-07-28 11:40:58,657.0,248298,20,658.42,63682,147802,0.3896401558560554,0
2023-07-28 11:40:58,656.75,248298,21,658.42,63682,147802,0.3514401405760493,0
2023-07-28 11:40:58,657.0,248298,17,658.42,63682,147802,0.3896401558560554,0
2023-07-28 11:41:00,657.0,248336,17,658.42,63661,147779,0.3896401558560554,0
2023-07-28 11:41:00,656.75,248336,27,658.42,63661,147779,0.3514401405760493,0
2023-07-28 11:41:03,656.75,248363,27,658.42,63634,147689,0.3514401405760493,0
2023-07-28 11:41:03,657.0,248363,10,658.42,63634,147689,0.3896401558560554,0
2023-07-28 11:41:05,657.0,248373,10,658.42,63636,147679,0.3896401558560554,0
2023-07-28 11:41:05,657.0,248373,18,658.42,63636,147679,0.3896401558560554,0
2023-07-28 11:41:12,657.0,248391,18,658.42,63634,147714,0.3896401558560554,0
2023-07-28 11:41:12,657.0,248391,18,658.42,63634,147599,0.3896401558560554,0
2023-07-28 11:41:12,657.0,248391,5,658.42,63634,147599,0.3896401558560554,0
2023-07-28 11:41:12,657.0,248391,3,658.42,63634,147599,0.3896401558560554,0
2023-07-28 11:41:12,657.0,248391,1,658.42,63634,147599,0.3896401558560554,0
2023-07-28 11:41:24,657.0,248436,1,658.42,63794,147505,0.3896401558560554,0
2023-07-28 11:41:24,657.0,248436,1,658.42,63794,147396,0.3896401558560554,0
2023-07-28 11:41:24,657.0,248436,1,658.42,63794,147376,0.3896401558560554,0
2023-07-28 11:41:24,657.0,248436,1,658.42,64498,147376,0.3896401558560554,0
2023-07-28 11:41:24,657.2,248436,11,658.42,64498,147376,0.4202001680800672,0
2023-07-28 11:41:42,657.2,248465,11,658.42,64499,147315,0.4202001680800672,0
2023-07-28 11:41:42,657.2,248465,11,658.42,65532,147315,0.4202001680800672,0
2023-07-28 11:41:42,657.0,248465,1,658.42,65532,147315,0.3896401558560554,0
2023-07-28 11:41:48,657.0,248466,1,658.42,65483,147219,0.3896401558560554,0
2023-07-28 11:41:48,657.2,248466,10,658.42,65483,147219,0.4202001680800672,0
2023-07-28 11:41:48,657.0,248466,9,658.42,65483,147219,0.3896401558560554,0
2023-07-28 11:41:48,657.0,248466,4,658.42,65483,147219,0.3896401558560554,0
2023-07-28 11:41:57,657.0,248491,4,658.42,65464,147265,0.3896401558560554,0
2023-07-28 11:41:57,657.2,248491,1,658.42,65464,147265,0.4202001680800672,0
2023-07-28 11:41:59,657.2,248503,1,658.42,65464,147264,0.4202001680800672,0
2023-07-28 11:41:59,657.2,248503,1,658.42,65474,147264,0.4202001680800672,0
2023-07-28 11:41:59,657.2,248503,7,658.42,65474,147264,0.4202001680800672,0
2023-07-28 11:42:12,657.45,248571,8,658.42,68575,146835,0.4584001833600733,0
2023-07-28 11:42:12,657.45,248581,8,658.42,68576,146911,0.4584001833600733,0
2023-07-28 11:42:12,657.45,248581,8,658.42,68577,146911,0.4584001833600733,0
2023-07-28 11:42:12,657.55,248581,3,658.42,68577,146911,0.47368018947206186,0
2023-07-28 11:42:19,657.55,248626,10,658.42,68559,147023,0.47368018947206186,0
2023-07-28 11:42:19,657.55,248626,10,658.42,68560,147023,0.47368018947206186,0
2023-07-28 11:42:19,657.2,248626,39,658.42,68560,147023,0.4202001680800672,0
2023-07-28 11:42:25,657.2,248665,39,658.42,68510,147021,0.4202001680800672,0
2023-07-28 11:42:25,657.55,248665,13,658.42,68510,147021,0.47368018947206186,0
2023-07-28 11:42:28,657.55,248678,13,658.42,68510,147021,0.47368018947206186,0
2023-07-28 11:42:28,657.55,248678,13,658.42,68510,147021,0.47368018947206186,0
2023-07-28 11:42:28,657.55,248678,13,658.42,68510,147020,0.47368018947206186,0
2023-07-28 11:42:28,657.55,248678,13,658.42,68560,147021,0.47368018947206186,0
2023-07-28 11:42:28,657.55,248678,1,658.42,68560,147021,0.47368018947206186,0
2023-07-28 11:42:28,657.55,248678,5,658.42,68560,147021,0.47368018947206186,0
2023-07-28 11:42:41,657.55,248684,5,658.42,68560,147041,0.47368018947206186,0
2023-07-28 11:42:41,657.55,248684,5,658.42,68560,147026,0.47368018947206186,0
2023-07-28 11:42:41,657.55,248684,5,658.42,68560,147077,0.47368018947206186,0
2023-07-28 11:42:41,657.25,248684,3,658.42,68560,147077,0.4278401711360615,0
2023-07-28 11:42:48,657.25,248687,3,658.42,68557,147077,0.4278401711360615,0
2023-07-28 11:42:48,657.25,248687,3,658.42,68557,147077,0.4278401711360615,0
2023-07-28 11:42:48,657.25,248687,3,658.42,68418,146992,0.4278401711360615,0
2023-07-28 11:42:48,657.25,248687,3,658.42,68418,147018,0.4278401711360615,0
2023-07-28 11:43:03,657.55,248694,7,658.42,68411,147018,0.47368018947206186,0
2023-07-28 11:43:03,658.0,248694,5,658.42,68423,147017,0.5424402169760798,0
2023-07-28 11:43:07,658.0,249694,83,658.42,68883,146776,0.5424402169760798,0
2023-07-28 11:43:09,658.0,249777,83,658.42,68872,146834,0.5424402169760798,0
2023-07-28 11:43:09,658.4,249777,2,658.42,68872,146834,0.6035602414240862,0
2023-07-28 11:43:09,658.35,249777,10,658.42,68872,146834,0.5959202383680918,0
2023-07-28 11:43:15,658.35,249807,10,658.42,69005,146761,0.5959202383680918,0
2023-07-28 11:43:18,658.35,249816,9,658.42,69005,146752,0.5959202383680918,0
2023-07-28 11:43:18,658.35,249816,9,658.42,68937,146752,0.5959202383680918,0
2023-07-28 11:43:18,658.35,249816,9,658.42,68938,146752,0.5959202383680918,0
2023-07-28 11:43:25,658.35,249820,3,658.42,68894,146743,0.5959202383680918,0
2023-07-28 11:43:25,658.35,249820,3,658.42,68864,146784,0.5959202383680918,0
2023-07-28 11:43:25,658.35,249820,2,658.42,68864,146784,0.5959202383680918,0
2023-07-28 11:43:28,658.35,249822,2,658.42,68877,146784,0.5959202383680918,0
2023-07-28 11:43:28,658.45,249822,1,658.42,68877,146784,0.6112002444800978,0
2023-07-28 11:43:30,658.45,249823,1,658.42,68876,146783,0.6112002444800978,0
2023-07-28 11:43:30,658.45,249823,1,658.42,68855,147086,0.6112002444800978,0
2023-07-28 11:43:30,658.45,249823,1,658.42,68859,147086,0.6112002444800978,0
2023-07-28 11:43:30,658.5,249823,9,658.42,68859,147086,0.618840247536092,0
2023-07-28 11:43:39,658.5,249833,9,658.42,68859,147076,0.618840247536092,0
2023-07-28 11:43:39,658.5,249833,9,658.42,68859,147081,0.618840247536092,0
2023-07-28 11:43:39,658.5,249833,9,658.42,68859,147082,0.618840247536092,0
2023-07-28 11:43:39,658.5,249833,9,658.42,68869,147082,0.618840247536092,0
2023-07-28 11:43:39,658.35,249833,2,658.42,68869,147082,0.5959202383680918,0
2023-07-28 11:43:47,658.35,249835,2,658.42,68867,147082,0.5959202383680918,0
2023-07-28 11:43:47,658.35,249835,10,658.42,68867,147082,0.5959202383680918,0
2023-07-28 11:43:50,658.35,249845,10,658.42,68857,147082,0.5959202383680918,0
2023-07-28 11:43:53,658.0,249893,15,658.42,68735,147152,0.5424402169760798,0
2023-07-28 11:43:53,658.4,249893,2,658.42,68735,147152,0.6035602414240862,0
2023-07-28 11:43:57,658.4,249895,2,658.42,68863,147151,0.6035602414240862,0
2023-07-28 11:43:57,658.4,249895,2,658.42,68963,147151,0.6035602414240862,0
2023-07-28 11:43:57,658.4,249895,2,658.42,68963,147157,0.6035602414240862,0
2023-07-28 11:44:12,658.45,249931,36,658.42,68984,147121,0.6112002444800978,0
2023-07-28 11:44:12,658.45,249931,36,658.42,69093,147121,0.6112002444800978,0
2023-07-28 11:44:12,658.45,249931,36,658.42,69018,147121,0.6112002444800978,0
2023-07-28 11:44:12,658.4,249931,25,658.42,69018,147121,0.6035602414240862,0
2023-07-28 11:44:22,658.5,250011,5,658.42,69020,147067,0.618840247536092,0
2023-07-28 11:44:22,658.0,250011,60,658.42,69020,147067,0.5424402169760798,0
2023-07-28 11:44:24,658.0,250077,60,658.42,68956,147071,0.5424402169760798,0
2023-07-28 11:44:24,658.0,250077,60,658.42,68959,147051,0.5424402169760798,0
2023-07-28 11:44:24,658.5,250077,50,658.42,68959,147051,0.618840247536092,0
2023-07-28 11:44:35,658.5,250449,50,658.42,69128,146527,0.618840247536092,0
2023-07-28 11:44:35,658.5,250449,50,658.42,69178,146533,0.618840247536092,0
2023-07-28 11:44:35,658.5,250449,6,658.42,69233,146533,0.618840247536092,0
2023-07-28 11:44:42,658.5,250505,6,658.42,69304,146533,0.618840247536092,0
2023-07-28 11:44:42,658.5,250505,6,658.42,69304,146553,0.618840247536092,0
2023-07-28 11:44:42,658.5,250505,6,658.42,69304,146665,0.618840247536092,0
2023-07-28 11:44:42,658.5,250505,10,658.42,69304,146665,0.618840247536092,0
2023-07-28 11:44:53,658.5,250515,10,658.42,69178,147241,0.618840247536092,0
2023-07-28 11:44:53,658.5,250515,18,658.42,69178,147241,0.618840247536092,0
2023-07-28 11:44:53,658.5,250515,3,658.42,69178,147241,0.618840247536092,0
2023-07-28 11:44:56,658.5,250545,3,658.42,69223,147217,0.618840247536092,0
2023-07-28 11:44:56,658.5,250545,3,658.42,69223,147217,0.618840247536092,0
2023-07-28 11:44:56,658.5,250545,3,658.42,69222,147217,0.618840247536092,0
2023-07-28 11:44:56,658.5,250545,1,658.42,69222,147217,0.618840247536092,0
2023-07-28 11:45:05,658.5,250546,1,658.42,69222,147216,0.618840247536092,0
2023-07-28 11:45:05,658.5,250546,1,658.42,69199,147216,0.618840247536092,0
2023-07-28 11:45:05,658.5,250546,1,658.42,69200,147216,0.618840247536092,0
2023-07-28 11:45:05,658.5,250546,10,658.42,69200,147216,0.618840247536092,0
2023-07-28 11:45:13,658.5,250556,10,658.42,69201,147206,0.618840247536092,0
2023-07-28 11:45:13,658.5,250556,10,658.42,69200,147121,0.618840247536092,0
2023-07-28 11:45:17,658.5,250571,4,658.42,69202,147157,0.618840247536092,0
2023-07-28 11:45:17,658.15,250571,5,658.42,69202,147157,0.56536022614408,0
2023-07-28 11:45:21,658.15,250578,5,658.42,69167,147167,0.56536022614408,0
2023-07-28 11:45:21,658.15,250578,5,658.42,69167,147217,0.56536022614408,0
2023-07-28 11:45:31,658.0,251058,249,658.41,68721,147894,0.5424402169760798,0
2023-07-28 11:45:31,658.3,251058,3,658.41,68721,147894,0.5882802353120802,0
2023-07-28 11:45:33,658.3,251061,3,658.41,68721,147932,0.5882802353120802,0
2023-07-28 11:45:39,658.3,251062,1,658.41,68721,147955,0.5882802353120802,0
2023-07-28 11:45:39,658.3,251062,6,658.41,68721,147955,0.5882802353120802,0
2023-07-28 11:45:42,658.3,251068,6,658.41,68795,147941,0.5882802353120802,0
2023-07-28 11:45:42,658.4,251068,23,658.41,68795,147941,0.6035602414240862,0
2023-07-28 11:45:45,658.4,251169,23,658.41,68832,147879,0.6035602414240862,0
2023-07-28 11:45:45,658.4,251169,23,658.41,68832,147933,0.6035602414240862,0
2023-07-28 11:45:45,658.4,251169,23,658.41,69002,147855,0.6035602414240862,0
2023-07-28 11:45:45,658.4,251169,23,658.41,69002,147855,0.6035602414240862,0
2023-07-28 11:45:45,658.45,251169,10,658.41,69002,147855,0.6112002444800978,0
2023-07-28 11:45:45,658.5,251169,65,658.41,69002,147855,0.618840247536092,0
2023-07-28 11:46:00,658.5,251313,34,658.41,69545,147683,0.618840247536092,0
2023-07-28 11:46:00,658.5,251313,34,658.41,69545,147692,0.618840247536092,0
2023-07-28 11:46:00,658.5,251313,1,658.41,69545,147692,0.618840247536092,0
2023-07-28 11:46:06,658.5,251314,1,658.41,69645,147691,0.618840247536092,0
2023-07-28 11:46:06,658.5,251314,1,658.41,69645,147691,0.618840247536092,0
2023-07-28 11:46:06,658.5,251314,1,658.41,69602,147895,0.618840247536092,0
2023-07-28 11:46:06,658.5,251314,1,658.41,69457,147895,0.618840247536092,0
2023-07-28 11:46:06,658.5,251314,1,658.41,69457,147920,0.618840247536092,0
2023-07-28 11:46:06,658.45,251314,4,658.41,69457,147920,0.6112002444800978,0
2023-07-28 11:46:23,658.45,251318,4,658.41,69457,147916,0.6112002444800978,0
2023-07-28 11:46:23,658.45,251318,4,658.41,69458,147916,0.6112002444800978,0
2023-07-28 11:46:23,658.45,251318,4,658.41,69458,147916,0.6112002444800978,0
2023-07-28 11:46:23,658.45,251318,4,658.41,69504,147899,0.6112002444800978,0
2023-07-28 11:46:23,658.5,251318,2,658.41,69504,147899,0.618840247536092,0
2023-07-28 11:46:36,658.5,251320,2,658.41,69499,147897,0.618840247536092,0
2023-07-28 11:46:36,658.5,251320,2,658.41,69457,147897,0.618840247536092,0
2023-07-28 11:46:36,658.5,251320,2,658.41,69457,147897,0.618840247536092,0
2023-07-28 11:46:36,658.45,251320,6,658.41,69457,147897,0.6112002444800978,0
2023-07-28 11:46:43,658.45,251326,6,658.41,69421,147831,0.6112002444800978,0
2023-07-28 11:46:43,658.45,251326,6,658.41,69465,147831,0.6112002444800978,0
2023-07-28 11:46:43,658.45,251326,6,658.41,69481,147831,0.6112002444800978,0
2023-07-28 11:46:43,658.45,251326,6,658.41,69421,147831,0.6112002444800978,0
2023-07-28 11:46:43,658.45,251326,6,658.41,69431,147831,0.6112002444800978,0
2023-07-28 11:46:43,658.0,251326,1,658.41,69431,147831,0.5424402169760798,0
2023-07-28 11:46:43,658.0,251326,1,658.41,69431,147831,0.5424402169760798,0
2023-07-28 11:46:43,658.45,251326,15,658.41,69431,147831,0.6112002444800978,0
2023-07-28 11:47:01,658.1,251437,75,658.41,69275,147905,0.5577202230880858,0
2023-07-28 11:47:01,658.1,251437,75,658.41,69280,147905,0.5577202230880858,0
2023-07-28 11:47:01,658.1,251437,75,658.41,69250,148533,0.5577202230880858,0
2023-07-28 11:47:01,658.1,251437,75,658.41,69250,148535,0.5577202230880858,0
2023-07-28 11:47:01,658.1,251437,75,658.41,69275,148571,0.5577202230880858,0
2023-07-28 11:47:01,658.1,251437,75,658.41,69275,148571,0.5577202230880858,0
2023-07-28 11:47:01,658.45,251437,7,658.41,69275,148571,0.6112002444800978,0
2023-07-28 11:47:19,658.45,251444,7,658.41,69265,148564,0.6112002444800978,0
2023-07-28 11:47:19,658.45,251444,7,658.41,69270,148610,0.6112002444800978,0
2023-07-28 11:47:19,658.45,251444,7,658.41,69270,148575,0.6112002444800978,0
2023-07-28 11:47:19,658.45,251444,7,658.41,69270,148047,0.6112002444800978,0
2023-07-28 11:47:19,658.45,251444,7,658.41,69270,148047,0.6112002444800978,0
2023-07-28 11:47:19,658.45,251444,5,658.41,69270,148047,0.6112002444800978,0
2023-07-28 11:47:36,658.45,251454,5,658.41,69346,147893,0.6112002444800978,0
2023-07-28 11:47:36,658.45,251454,5,658.41,69303,147912,0.6112002444800978,0
2023-07-28 11:47:36,658.45,251454,5,658.41,69303,147930,0.6112002444800978,0
2023-07-28 11:47:36,658.05,251454,2,658.41,69303,147930,0.5500802200320741,0
2023-07-28 11:47:44,658.05,251456,2,658.41,69304,147930,0.5500802200320741,0
2023-07-28 11:47:44,658.05,251456,1,658.41,69348,147920,0.5500802200320741,0
2023-07-28 11:47:49,658.05,251457,1,658.41,69314,147960,0.5500802200320741,0
2023-07-28 11:47:49,658.05,251457,1,658.41,69316,147960,0.5500802200320741,0
2023-07-28 11:47:49,658.05,251457,1,658.41,69277,147960,0.5500802200320741,0
2023-07-28 11:47:49,658.5,251457,42,658.41,69277,147960,0.618840247536092,0
2023-07-28 11:47:58,658.5,251557,42,658.41,69477,147777,0.618840247536092,0
2023-07-28 11:47:58,658.5,251557,42,658.41,69505,147853,0.618840247536092,0
2023-07-28 11:47:58,658.5,251557,42,658.41,69500,147853,0.618840247536092,0
2023-07-28 11:48:06,658.5,251558,1,658.41,69501,147852,0.618840247536092,0
2023-07-28 11:48:06,658.5,251558,1,658.41,69501,147852,0.618840247536092,0
2023-07-28 11:48:09,658.4,251567,9,658.41,69491,147767,0.6035602414240862,0
2023-07-28 11:48:09,658.4,251567,16,658.41,69491,147767,0.6035602414240862,0
2023-07-28 11:48:14,658.4,251584,1,658.41,69475,147939,0.6035602414240862,0
2023-07-28 11:48:14,658.4,251584,50,658.41,69475,147939,0.6035602414240862,0
2023-07-28 11:48:19,658.4,251634,50,658.41,69475,147889,0.6035602414240862,0
2023-07-28 11:48:19,658.4,251634,50,658.41,69475,147938,0.6035602414240862,0
2023-07-28 11:48:19,658.1,251634,1,658.41,69475,147938,0.5577202230880858,0
2023-07-28 11:48:25,658.1,251635,1,658.41,69474,148438,0.5577202230880858,0
2023-07-28 11:48:33,658.1,251644,9,658.41,69570,149391,0.5577202230880858,0
2023-07-28 11:48:33,658.1,251644,9,658.41,69570,149417,0.5577202230880858,0
2023-07-28 11:48:33,658.1,251644,9,658.41,69460,149417,0.5577202230880858,0
2023-07-28 11:48:33,658.1,251644,9,658.41,69460,149417,0.5577202230880858,0
2023-07-28 11:48:45,658.0,252650,872,658.41,69618,148424,0.5424402169760798,0
2023-07-28 11:48:45,658.0,252650,872,658.41,69618,148503,0.5424402169760798,0
2023-07-28 11:48:45,658.0,252650,872,658.41,69618,148549,0.5424402169760798,0
2023-07-28 11:48:45,658.0,252650,872,658.41,69503,148556,0.5424402169760798,0
2023-07-28 11:48:45,658.0,252650,90,658.41,69503,148556,0.5424402169760798,0
2023-07-28 11:48:45,658.35,252650,10,658.41,69503,148556,0.5959202383680918,0
2023-07-28 11:49:01,658.35,252765,15,658.41,69454,148510,0.5959202383680918,0
2023-07-28 11:49:01,658.35,252765,15,658.41,69458,148510,0.5959202383680918,0
2023-07-28 11:49:01,658.0,252765,10,658.41,69458,148510,0.5424402169760798,0
2023-07-28 11:49:05,658.0,252775,10,658.41,69448,148357,0.5424402169760798,0
2023-07-28 11:49:05,658.0,252775,10,658.41,69448,148357,0.5424402169760798,0
2023-07-28 11:49:05,658.0,252775,20,658.41,69448,148357,0.5424402169760798,0
2023-07-28 11:49:11,658.0,252805,20,658.41,69448,148549,0.5424402169760798,0
2023-07-28 11:49:17,658.0,252839,34,658.41,69414,148549,0.5424402169760798,0
2023-07-28 11:49:17,658.0,252839,1,658.41,69414,148549,0.5424402169760798,0
2023-07-28 11:49:18,658.0,252840,1,658.41,69422,148549,0.5424402169760798,0
2023-07-28 11:49:18,658.0,252840,46,658.41,69422,148549,0.5424402169760798,0
2023-07-28 11:49:22,658.0,253040,46,658.41,69428,148569,0.5424402169760798,0
2023-07-28 11:49:22,658.0,253040,46,658.41,69429,148569,0.5424402169760798,0
2023-07-28 11:49:22,658.0,253040,46,658.41,69431,148574,0.5424402169760798,0
2023-07-28 11:49:22,658.0,253040,46,658.41,69401,148569,0.5424402169760798,0
2023-07-28 11:49:22,658.35,253040,2,658.41,69401,148569,0.5959202383680918,0
2023-07-28 11:49:22,658.0,253040,10,658.41,69401,148569,0.5424402169760798,0
2023-07-28 11:49:38,658.0,253052,10,658.41,69389,148567,0.5424402169760798,0
2023-07-28 11:49:38,658.35,253052,1,658.41,69389,148567,0.5959202383680918,0
2023-07-28 11:49:40,658.35,253053,1,658.41,69389,148566,0.5959202383680918,0
2023-07-28 11:49:40,658.35,253053,1,658.41,69389,148566,0.5959202383680918,0
2023-07-28 11:49:40,658.35,253053,10,658.41,69389,148566,0.5959202383680918,0
2023-07-28 11:49:46,658.35,253063,10,658.41,69592,148569,0.5959202383680918,0
2023-07-28 11:49:46,658.0,253063,2,658.41,69592,148569,0.5424402169760798,0
2023-07-28 11:49:56,658.0,253065,2,658.41,69590,148560,0.5424402169760798,0
2023-07-28 11:49:56,658.35,253065,1,658.41,69590,148560,0.5959202383680918,0
2023-07-28 11:49:59,658.35,253066,1,658.41,69590,148558,0.5959202383680918,0
2023-07-28 11:49:59,658.35,253066,15,658.41,69590,148558,0.5959202383680918,0
2023-07-28 11:50:02,658.35,253082,15,658.41,69689,148581,0.5959202383680918,0
2023-07-28 11:50:06,658.35,253102,20,658.41,69689,148580,0.5959202383680918,0
2023-07-28 11:50:06,658.35,253102,20,658.41,69689,148780,0.5959202383680918,0
2023-07-28 11:50:06,658.35,253102,20,658.41,69689,148772,0.5959202383680918,0
2023-07-28 11:50:06,658.35,253102,20,658.41,69697,148892,0.5959202383680918,0
2023-07-28 11:50:30,658.35,253107,5,658.41,69698,148887,0.5959202383680918,0
2023-07-28 11:50:30,658.35,253107,9,658.41,69698,148887,0.5959202383680918,0
2023-07-28 11:50:35,658.35,253117,9,658.41,69697,148834,0.5959202383680918,0
2023-07-28 11:50:35,658.35,253117,9,658.41,69697,148834,0.5959202383680918,0
2023-07-28 11:50:35,658.0,253117,20,658.41,69697,148834,0.5424402169760798,0
2023-07-28 11:50:40,658.0,253137,20,658.41,69677,148834,0.5424402169760798,0
2023-07-28 11:50:40,658.0,253137,20,658.41,69530,148768,0.5424402169760798,0
2023-07-28 11:50:40,658.0,253137,20,658.41,69544,148768,0.5424402169760798,0
2023-07-28 11:50:40,658.0,253137,20,658.41,69554,148538,0.5424402169760798,0
2023-07-28 11:50:40,658.0,253137,20,658.41,69559,148588,0.5424402169760798,0
2023-07-28 11:51:02,658.35,253143,6,658.41,69627,148504,0.5959202383680918,0
2023-07-28 11:51:02,658.0,253143,6,658.41,69627,148504,0.5424402169760798,0
2023-07-28 11:51:03,658.0,256455,6,658.41,66287,148707,0.5424402169760798,0
2023-07-28 11:51:03,658.0,256455,168,658.41,66287,148707,0.5424402169760798,0
2023-07-28 11:51:03,658.0,256455,13,658.41,66287,148707,0.5424402169760798,0
2023-07-28 11:51:06,658.0,256636,13,658.41,66033,148766,0.5424402169760798,0
2023-07-28 11:51:06,658.0,256636,13,658.41,66033,148737,0.5424402169760798,0
2023-07-28 11:51:06,658.0,256636,13,658.41,66033,148741,0.5424402169760798,0
2023-07-28 11:51:06,658.0,256636,13,658.41,66023,148741,0.5424402169760798,0
2023-07-28 11:51:06,658.35,256636,4,658.41,66023,148741,0.5959202383680918,0
2023-07-28 11:51:18,658.35,256646,4,658.41,66094,148731,0.5959202383680918,0
2023-07-28 11:51:18,658.4,256646,8,658.41,66232,148839,0.6035602414240862,0
2023-07-28 11:51:27,658.4,256666,8,658.41,66320,148819,0.6035602414240862,0
2023-07-28 11:51:27,658.0,256666,28,658.41,66320,148819,0.5424402169760798,0
2023-07-28 11:51:35,658.0,256716,20,658.41,66270,148819,0.5424402169760798,0
2023-07-28 11:51:35,658.4,256716,13,658.41,66270,148819,0.6035602414240862,0
2023-07-28 11:51:38,658.4,256729,13,658.41,66270,148806,0.6035602414240862,0
2023-07-28 11:51:45,658.4,256742,1,658.41,66344,148840,0.6035602414240862,0
2023-07-28 11:51:45,658.4,256742,1,658.41,66344,148886,0.6035602414240862,0
2023-07-28 11:51:45,658.4,256742,1,658.41,66344,148840,0.6035602414240862,0
2023-07-28 11:51:45,658.4,256742,1,658.41,66404,148940,0.6035602414240862,0
2023-07-28 11:51:45,658.05,256742,1,658.41,66404,148940,0.5500802200320741,0
2023-07-28 11:52:02,658.05,256743,1,658.41,66403,148940,0.5500802200320741,0
2023-07-28 11:52:02,658.05,256743,1,658.41,66453,148940,0.5500802200320741,0
2023-07-28 11:52:02,658.4,256743,2,658.41,66453,148940,0.6035602414240862,0
2023-07-28 11:52:07,658.4,256746,2,658.41,66503,148937,0.6035602414240862,0
2023-07-28 11:52:07,658.45,256746,6,658.41,66503,148937,0.6112002444800978,0
2023-07-28 11:52:09,658.45,256786,6,658.41,66503,148773,0.6112002444800978,0
2023-07-28 11:52:13,658.35,256789,3,658.41,67211,148851,0.5959202383680918,0
2023-07-28 11:52:13,658.35,256789,3,658.41,67211,148876,0.5959202383680918,0
2023-07-28 11:52:13,658.3,256789,30,658.41,67212,148876,0.5882802353120802,0
2023-07-28 11:52:18,658.3,256819,30,658.41,67182,148901,0.5882802353120802,0
2023-07-28 11:52:18,658.05,256819,50,658.41,67182,148926,0.5500802200320741,0
2023-07-28 11:52:23,658.05,256869,50,658.41,67054,149021,0.5500802200320741,0
2023-07-28 11:52:23,658.05,256869,50,658.41,67054,149013,0.5500802200320741,0
2023-07-28 11:52:23,658.05,256869,50,658.41,66999,149053,0.5500802200320741,0
2023-07-28 11:52:23,658.0,256869,18,658.41,66999,149053,0.5424402169760798,0
2023-07-28 11:52:43,658.0,257677,18,658.4,66130,149230,0.5424402169760798,0
2023-07-28 11:52:43,657.95,257677,1,658.4,66130,149230,0.5348002139200855,0
2023-07-28 11:52:45,657.95,257680,1,658.4,66130,149262,0.5348002139200855,0
2023-07-28 11:52:45,657.95,257680,1,658.4,66201,149317,0.5348002139200855,0
2023-07-28 11:52:45,657.85,257680,50,658.4,66201,149317,0.5195202078080796,0
2023-07-28 11:52:51,658.05,257769,23,658.4,66346,149275,0.5500802200320741,0
2023-07-28 11:52:51,658.05,257769,23,658.4,66396,149282,0.5500802200320741,0
2023-07-28 11:52:51,658.05,257769,23,658.4,66346,149162,0.5500802200320741,0
2023-07-28 11:52:51,658.05,257769,23,658.4,66346,149144,0.5500802200320741,0
2023-07-28 11:52:51,658.05,257769,23,658.4,66361,149144,0.5500802200320741,0
2023-07-28 11:52:51,658.05,257769,23,658.4,66826,149190,0.5500802200320741,0
2023-07-28 11:52:51,658.05,257769,23,658.4,66826,149190,0.5500802200320741,0
2023-07-28 11:52:51,658.05,257769,8,658.4,66826,149190,0.5500802200320741,0
2023-07-28 11:53:05,658.05,257777,8,658.4,66826,149182,0.5500802200320741,0
2023-07-28 11:53:05,657.7,257777,1,658.4,66826,149182,0.4966001986400794,0
2023-07-28 11:53:14,657.7,257798,1,658.4,66713,149375,0.4966001986400794,0
2023-07-28 11:53:14,657.7,257798,1,658.4,66713,149450,0.4966001986400794,0
2023-07-28 11:53:14,657.7,257798,1,658.4,66713,149493,0.4966001986400794,0
2023-07-28 11:53:14,658.0,257798,8,658.4,66713,149493,0.5424402169760798,0
2023-07-28 11:53:22,658.0,257808,8,658.4,66636,149522,0.5424402169760798,0
2023-07-28 11:53:22,658.0,257808,19,658.4,66636,149522,0.5424402169760798,0
2023-07-28 11:53:25,658.0,257829,19,658.4,66683,149521,0.5424402169760798,0
2023-07-28 11:53:32,658.15,257929,3,658.4,66954,149330,0.56536022614408,0
2023-07-28 11:53:32,657.7,257929,8,658.4,66954,149330,0.4966001986400794,0
2023-07-28 11:53:35,657.7,257939,8,658.4,66946,149350,0.4966001986400794,0
2023-07-28 11:53:35,657.7,257939,8,658.4,66796,149350,0.4966001986400794,0
2023-07-28 11:53:35,658.35,257939,44,658.4,66796,149350,0.5959202383680918,0
2023-07-28 11:53:43,658.35,258009,44,658.4,66893,149128,0.5959202383680918,0
2023-07-28 11:53:43,658.35,258009,44,658.4,66893,149428,0.5959202383680918,0
2023-07-28 11:53:43,657.9,258009,1,658.4,66893,149428,0.5271602108640739,0
2023-07-28 11:53:48,657.9,258018,1,658.4,66911,149557,0.5271602108640739,0
2023-07-28 11:53:48,657.8,258018,14,658.4,66911,149557,0.511880204752068,0
2023-07-28 11:53:52,657.8,258034,14,658.4,66522,149896,0.511880204752068,0
2023-07-28 11:53:52,657.8,258034,14,658.4,66527,149896,0.511880204752068,0
2023-07-28 11:53:52,657.8,258034,14,658.4,66422,149896,0.511880204752068,0
2023-07-28 11:53:52,657.8,258034,14,658.4,66450,149896,0.511880204752068,0
2023-07-28 11:54:04,658.05,258035,1,658.4,65974,149912,0.5500802200320741,0
2023-07-28 11:54:04,658.05,258035,1,658.4,65730,149912,0.5500802200320741,0
2023-07-28 11:54:04,658.05,258035,1,658.4,65735,150012,0.5500802200320741,0
2023-07-28 11:54:04,658.05,258035,1,658.4,65876,149530,0.5500802200320741,0
2023-07-28 11:54:04,658.05,258035,1,658.4,66014,149580,0.5500802200320741,0
2023-07-28 11:54:04,658.05,258035,1,658.4,66051,149580,0.5500802200320741,0
2023-07-28 11:54:04,658.35,258035,1,658.4,66051,149560,0.5959202383680918,0
2023-07-28 11:54:19,658.35,258036,1,658.4,66051,149559,0.5959202383680918,0
2023-07-28 11:54:19,658.4,258036,9,658.4,66051,149559,0.6035602414240862,0
2023-07-28 11:54:19,657.85,258036,2,658.4,66051,149559,0.5195202078080796,0
2023-07-28 11:54:25,657.85,258062,2,658.4,66205,149522,0.5195202078080796,0
2023-07-28 11:54:25,657.85,258062,2,658.4,66215,149521,0.5195202078080796,0
2023-07-28 11:54:25,657.8,258062,2,658.4,66215,149521,0.511880204752068,0
2023-07-28 11:54:35,657.8,258072,2,658.4,66158,149595,0.511880204752068,0
2023-07-28 11:54:35,657.8,258072,2,658.4,66193,149595,0.511880204752068,0
2023-07-28 11:54:35,657.8,258072,2,658.4,66233,149647,0.511880204752068,0
2023-07-28 11:54:35,657.6,258072,21,658.4,66233,149647,0.4813201925280735,0
2023-07-28 11:54:50,657.45,258152,4,658.4,65780,149903,0.4584001833600733,0
2023-07-28 11:54:50,658.0,258152,10,658.4,65780,149903,0.5424402169760798,0
2023-07-28 11:54:51,658.0,258164,10,658.4,65955,149713,0.5424402169760798,0
2023-07-28 11:54:51,658.0,258164,10,658.4,65964,149713,0.5424402169760798,0
2023-07-28 11:54:51,657.45,258164,7,658.4,65964,149713,0.4584001833600733,0
2023-07-28 11:55:00,657.45,258189,7,658.4,65957,149624,0.4584001833600733,0
2023-07-28 11:55:00,657.45,258189,7,658.4,66200,149407,0.4584001833600733,0
2023-07-28 11:55:00,657.45,258189,7,658.4,66200,149407,0.4584001833600733,0
2023-07-28 11:55:00,657.55,258189,29,658.4,66200,149407,0.47368018947206186,0
2023-07-28 11:55:08,657.55,258236,29,658.4,66168,149541,0.47368018947206186,0
2023-07-28 11:55:08,658.1,258236,2,658.4,66168,149541,0.5577202230880858,0
2023-07-28 11:55:10,658.1,258238,2,658.4,66195,149541,0.5577202230880858,0
2023-07-28 11:55:10,657.65,258238,1,658.4,66195,149541,0.4889601955840678,0
2023-07-28 11:55:34,657.65,258259,1,658.4,66268,149811,0.4889601955840678,0
2023-07-28 11:55:40,657.55,258289,10,658.4,66238,149814,0.47368018947206186,0
2023-07-28 11:55:40,658.0,258289,60,658.4,66238,149814,0.5424402169760798,0
2023-07-28 11:55:41,658.0,258533,60,658.4,66415,149331,0.5424402169760798,0
2023-07-28 11:55:41,658.0,258533,8,658.4,66415,149331,0.5424402169760798,0
2023-07-28 11:55:44,658.25,258545,4,658.4,66407,149334,0.580640232256086,0
2023-07-28 11:55:44,658.0,258545,25,658.4,66407,149334,0.5424402169760798,0
2023-07-28 11:55:45,658.0,258570,25,658.4,66635,149224,0.5424402169760798,0
2023-07-28 11:55:45,658.3,258570,1,658.4,66635,149224,0.5882802353120802,0
2023-07-28 11:55:48,658.3,258571,1,658.4,66635,149223,0.5882802353120802,0
2023-07-28 11:55:48,658.3,258571,1,658.4,66635,149223,0.5882802353120802,0
2023-07-28 11:55:48,658.3,258571,1,658.4,66795,149223,0.5882802353120802,0
2023-07-28 11:55:48,658.3,258571,1,658.4,66798,149223,0.5882802353120802,0
2023-07-28 11:55:48,658.3,258571,8,658.4,66798,149223,0.5882802353120802,0
2023-07-28 11:56:00,658.3,258579,8,658.4,66859,149194,0.5882802353120802,0
2023-07-28 11:56:00,658.3,258579,8,658.4,66913,149194,0.5882802353120802,0
2023-07-28 11:56:00,658.3,258579,2,658.4,66913,149194,0.5882802353120802,0
2023-07-28 11:56:05,658.3,258582,2,658.4,66914,149196,0.5882802353120802,0
2023-07-28 11:56:09,658.0,258602,20,658.4,66894,149246,0.5424402169760798,0
2023-07-28 11:56:09,658.0,258602,20,658.4,66719,149246,0.5424402169760798,0
2023-07-28 11:56:09,658.0,258602,20,658.4,66733,149246,0.5424402169760798,0
2023-07-28 11:56:09,658.0,258602,20,658.4,66633,149246,0.5424402169760798,0
2023-07-28 11:56:09,658.35,258602,8,658.4,66633,149246,0.5959202383680918,0
2023-07-28 11:56:09,658.0,258602,7,658.4,66633,149246,0.5424402169760798,0
2023-07-28 11:56:29,658.0,258684,7,658.4,66718,149231,0.5424402169760798,0
2023-07-28 11:56:29,658.0,258684,7,658.4,66718,149228,0.5424402169760798,0
2023-07-28 11:56:29,658.0,258684,7,658.4,66719,149228,0.5424402169760798,0
2023-07-28 11:56:29,658.4,258684,13,658.4,66719,149228,0.6035602414240862,0
2023-07-28 11:56:29,658.4,258684,5,658.4,66719,149228,0.6035602414240862,0
2023-07-28 11:56:39,658.4,258710,5,658.4,66787,149158,0.6035602414240862,0
2023-07-28 11:56:39,658.4,258710,16,658.4,66787,149158,0.6035602414240862,0
2023-07-28 11:56:40,658.4,258726,16,658.4,66780,149142,0.6035602414240862,0
2023-07-28 11:56:40,658.4,258726,16,658.4,66809,149113,0.6035602414240862,0
2023-07-28 11:56:40,658.0,258726,4,658.4,66809,149113,0.5424402169760798,0
2023-07-28 11:56:47,658.0,258730,4,658.4,66823,149113,0.5424402169760798,0
2023-07-28 11:56:47,658.0,258730,4,658.4,66823,149117,0.5424402169760798,0
2023-07-28 11:56:47,658.0,258730,4,658.4,66913,149097,0.5424402169760798,0
2023-07-28 11:56:47,658.4,258730,2,658.4,66913,149097,0.6035602414240862,0
2023-07-28 11:56:58,658.5,259232,166,658.4,67079,148566,0.618840247536092,0
2023-07-28 11:56:58,658.5,259232,166,658.4,67051,148638,0.618840247536092,0
2023-07-28 11:56:58,658.5,259232,166,658.4,66999,148668,0.618840247536092,0
2023-07-28 11:56:58,658.5,259232,166,658.4,67090,148678,0.618840247536092,0
2023-07-28 11:56:58,658.5,259232,166,658.4,67215,148678,0.618840247536092,0
2023-07-28 11:56:58,658.45,259232,1,658.4,67215,148648,0.6112002444800978,0
2023-07-28 11:57:10,658.45,259233,1,658.4,67215,148733,0.6112002444800978,0
2023-07-28 11:57:10,658.5,259233,15,658.4,67215,148733,0.618840247536092,0
2023-07-28 11:57:15,658.05,259259,9,658.4,66867,148718,0.5500802200320741,0
2023-07-28 11:57:15,658.05,259259,9,658.4,66867,148462,0.5500802200320741,0
2023-07-28 11:57:15,658.5,259259,30,658.4,66867,148462,0.618840247536092,0
2023-07-28 11:57:22,658.5,259289,30,658.4,67023,148466,0.618840247536092,0
2023-07-28 11:57:22,658.5,259289,1,658.4,67023,148466,0.618840247536092,0
2023-07-28 11:57:25,658.5,259291,1,658.4,67249,148464,0.618840247536092,0
2023-07-28 11:57:25,658.5,259291,1,658.4,67239,148464,0.618840247536092,0
2023-07-28 11:57:25,658.5,259291,1,658.4,67239,148419,0.618840247536092,0
2023-07-28 11:57:25,658.5,259291,10,658.4,67239,148419,0.618840247536092,0
2023-07-28 11:57:34,658.5,259301,10,658.4,67241,148428,0.618840247536092,0
2023-07-28 11:57:34,658.5,259301,10,658.4,67241,148428,0.618840247536092,0
2023-07-28 11:57:39,658.5,259306,5,658.4,67241,148423,0.618840247536092,0
2023-07-28 11:57:39,658.5,259306,5,658.4,67242,148881,0.618840247536092,0
2023-07-28 11:57:39,658.5,259306,5,658.4,67088,148881,0.618840247536092,0
2023-07-28 11:57:39,658.5,259306,5,658.4,67086,148881,0.618840247536092,0
2023-07-28 11:57:39,658.5,259306,1,658.4,67086,148881,0.618840247536092,0
2023-07-28 11:57:51,658.5,259307,1,658.4,67086,148880,0.618840247536092,0
2023-07-28 11:57:51,658.5,259307,20,658.4,67086,148880,0.618840247536092,0
2023-07-28 11:57:53,658.5,259327,20,658.4,67096,148871,0.618840247536092,0
2023-07-28 11:57:53,658.5,259327,20,658.4,66982,148841,0.618840247536092,0
2023-07-28 11:57:53,658.5,259327,20,658.4,66983,148841,0.618840247536092,0
2023-07-28 11:57:53,658.05,259327,10,658.4,66983,148841,0.5500802200320741,0
2023-07-28 11:57:53,658.5,259327,2,658.4,66983,148841,0.618840247536092,0
2023-07-28 11:58:00,658.5,259339,2,658.4,66979,148839,0.618840247536092,0
2023-07-28 11:58:00,658.5,259339,15,658.4,66979,148839,0.618840247536092,0
2023-07-28 11:58:01,658.5,259354,15,658.4,66979,148824,0.618840247536092,0
2023-07-28 11:58:01,658.5,259354,1,658.4,66981,148825,0.618840247536092,0
2023-07-28 11:58:10,658.5,259355,1,658.4,66982,148824,0.618840247536092,0
2023-07-28 11:58:10,658.5,259355,1,658.4,66982,148824,0.618840247536092,0
2023-07-28 11:58:16,658.5,259356,1,658.4,66989,148781,0.618840247536092,0
2023-07-28 11:58:16,658.5,259356,1,658.4,66989,148781,0.618840247536092,0
2023-07-28 11:58:16,658.5,259356,2,658.4,66989,148781,0.618840247536092,0
2023-07-28 11:58:25,658.5,259358,5,658.4,66989,148779,0.618840247536092,0
2023-07-28 11:58:27,658.5,259363,5,658.4,66988,148774,0.618840247536092,0
2023-07-28 11:58:31,658.5,259394,31,658.4,66989,148743,0.618840247536092,0
2023-07-28 11:58:31,658.5,259394,31,658.4,67040,148743,0.618840247536092,0
2023-07-28 11:58:39,658.5,259794,34,658.4,67197,148439,0.618840247536092,0
2023-07-28 11:58:39,658.5,259794,1,658.4,67197,148439,0.618840247536092,0
2023-07-28 11:58:41,658.5,259795,1,658.4,67199,148332,0.618840247536092,0
2023-07-28 11:58:41,658.1,259795,1,658.4,67199,148332,0.5577202230880858,0
2023-07-28 11:58:41,658.5,259795,10,658.4,67199,148332,0.618840247536092,0
2023-07-28 11:58:43,658.5,259821,10,658.4,67198,148445,0.618840247536092,0
2023-07-28 11:58:43,658.15,259821,7,658.4,67198,148445,0.56536022614408,0
2023-07-28 11:58:48,658.15,259830,7,658.4,67120,148465,0.56536022614408,0
2023-07-28 11:58:48,658.15,259830,7,658.4,67121,148465,0.56536022614408,0
2023-07-28 11:58:48,658.15,259830,3,658.4,67122,148665,0.56536022614408,0
2023-07-28 11:58:56,658.15,259833,3,658.4,67119,148675,0.56536022614408,0
2023-07-28 11:58:56,658.15,259833,3,658.4,67120,148675,0.56536022614408,0
2023-07-28 11:58:56,658.15,259833,3,658.4,67122,148675,0.56536022614408,0
2023-07-28 11:58:56,658.5,259833,39,658.4,67122,148675,0.618840247536092,0
2023-07-28 11:59:05,658.75,260618,1,658.4,67393,149366,0.6570402628160982,0
2023-07-28 11:59:05,658.75,260618,1,658.4,67646,149268,0.6570402628160982,0
2023-07-28 11:59:05,658.85,260618,8,658.4,67646,149268,0.672320268928104,0
2023-07-28 11:59:05,658.85,260618,89,658.4,67646,149268,0.672320268928104,0
2023-07-28 11:59:09,658.9,260749,2,658.4,67561,149251,0.6799602719840984,0
2023-07-28 11:59:09,658.6,260749,1,658.4,67561,149251,0.634120253648098,0
2023-07-28 11:59:11,658.6,261357,1,658.41,67773,148929,0.634120253648098,0
2023-07-28 11:59:11,658.6,261357,1,658.41,67785,148939,0.634120253648098,0
2023-07-28 11:59:11,658.95,261357,1,658.41,67785,148939,0.68760027504011,0
2023-07-28 11:59:17,658.95,261358,1,658.41,67928,148939,0.68760027504011,0
2023-07-28 11:59:17,658.95,261358,5,658.41,67928,148939,0.68760027504011,0
2023-07-28 11:59:20,658.95,261366,3,658.41,68129,148939,0.68760027504011,0
2023-07-28 11:59:20,658.95,261366,3,658.41,68160,148939,0.68760027504011,0
2023-07-28 11:59:20,658.95,261366,3,658.41,68230,148939,0.68760027504011,0
2023-07-28 11:59:20,658.95,261366,3,658.41,68231,148948,0.68760027504011,0
2023-07-28 11:59:20,658.7,261366,2,658.41,68231,148948,0.6494002597601038,0
2023-07-28 11:59:31,658.7,261426,2,658.41,68270,148997,0.6494002597601038,0
2023-07-28 11:59:31,658.95,261426,1,658.41,68031,149179,0.68760027504011,0
2023-07-28 11:59:35,658.95,261427,1,658.41,67802,149124,0.68760027504011,0
2023-07-28 11:59:35,658.95,261427,1,658.41,67800,149123,0.68760027504011,0
2023-07-28 11:59:35,658.95,261427,1,658.41,67801,149123,0.68760027504011,0
2023-07-28 11:59:35,658.95,261427,1,658.41,67802,149123,0.68760027504011,0
2023-07-28 11:59:35,658.95,261427,1,658.41,67804,149123,0.68760027504011,0
2023-07-28 11:59:35,659.0,261427,4,658.41,67804,149123,0.6952402780961042,0
2023-07-28 11:59:48,659.0,261441,4,658.41,67805,149224,0.6952402780961042,0
2023-07-28 11:59:48,659.0,261441,4,658.41,67806,149224,0.6952402780961042,0
2023-07-28 11:59:48,658.85,261441,2,658.41,67806,149224,0.672320268928104,0
2023-07-28 11:59:53,658.85,261448,2,658.41,67707,149231,0.672320268928104,0
2023-07-28 11:59:53,658.85,261448,5,658.41,67707,149231,0.672320268928104,0
2023-07-28 11:59:53,658.85,261448,1,658.41,67707,149231,0.672320268928104,0
2023-07-28 11:59:57,658.85,261459,1,658.41,67707,149147,0.672320268928104,0
2023-07-28 11:59:57,658.85,261459,1,658.41,67708,149147,0.672320268928104,0
2023-07-28 11:59:57,658.85,261459,1,658.41,67709,149147,0.672320268928104,0
2023-07-28 11:59:57,658.85,261459,5,658.41,67709,149147,0.672320268928104,0
2023-07-28 12:00:08,658.85,261464,5,658.41,67431,149262,0.672320268928104,0
2023-07-28 12:00:08,658.5,261464,1,658.41,67431,149262,0.618840247536092,0
2023-07-28 12:00:12,658.85,261466,1,658.41,67430,149257,0.672320268928104,0
2023-07-28 12:00:12,658.85,261466,1,658.41,67386,149257,0.672320268928104,0
2023-07-28 12:00:12,658.85,261466,1,658.41,67342,149342,0.672320268928104,0
2023-07-28 12:00:12,658.85,261466,5,658.41,67342,149342,0.672320268928104,0
2023-07-28 12:00:20,658.85,261476,5,658.41,67342,149482,0.672320268928104,0
2023-07-28 12:00:20,658.85,261476,5,658.41,67403,149594,0.672320268928104,0
2023-07-28 12:00:20,658.85,261476,5,658.41,67414,149594,0.672320268928104,0
2023-07-28 12:00:20,658.85,261476,5,658.41,67424,149594,0.672320268928104,0
2023-07-28 12:00:20,658.85,261476,5,658.41,67424,149611,0.672320268928104,0
2023-07-28 12:00:20,658.85,261476,5,658.41,67425,149611,0.672320268928104,0
2023-07-28 12:00:20,658.85,261476,1,658.41,67425,149611,0.672320268928104,0
2023-07-28 12:00:34,658.85,261477,1,658.41,67425,149611,0.672320268928104,0
2023-07-28 12:00:34,658.85,261477,1,658.41,67425,149611,0.672320268928104,0
2023-07-28 12:00:38,658.85,261478,1,658.41,67425,149611,0.672320268928104,0
2023-07-28 12:00:38,658.1,261478,3,658.41,67425,149611,0.5577202230880858,0
2023-07-28 12:00:39,658.1,261778,3,658.41,67063,149834,0.5577202230880858,0
2023-07-28 12:00:39,658.1,261778,3,658.41,67063,149821,0.5577202230880858,0
2023-07-28 12:00:39,658.8,261778,9,658.41,67063,149821,0.6646802658720924,0
2023-07-28 12:00:39,658.95,261778,45,658.41,67063,149821,0.68760027504011,0
2023-07-28 12:00:49,658.95,261889,45,658.41,67398,149426,0.68760027504011,0
2023-07-28 12:00:49,658.95,261889,45,658.41,67398,149426,0.68760027504011,0
2023-07-28 12:00:57,658.85,261891,2,658.41,67398,149361,0.672320268928104,0
2023-07-28 12:00:57,658.35,261891,1,658.41,67398,149361,0.5959202383680918,0
2023-07-28 12:00:58,658.35,261917,1,658.41,67203,149939,0.5959202383680918,0
2023-07-28 12:00:58,658.35,261917,1,658.41,67203,149964,0.5959202383680918,0
2023-07-28 12:00:58,658.35,261917,1,658.41,67203,149937,0.5959202383680918,0
2023-07-28 12:00:58,658.35,261917,1,658.41,67203,149892,0.5959202383680918,0
2023-07-28 12:00:58,658.35,261917,1,658.41,67196,149892,0.5959202383680918,0
2023-07-28 12:00:58,658.35,261917,1,658.41,67296,149892,0.5959202383680918,0
2023-07-28 12:00:58,658.35,261917,1,658.41,67296,149992,0.5959202383680918,0
2023-07-28 12:00:58,658.35,261917,1,658.41,67396,149992,0.5959202383680918,0
2023-07-28 12:00:58,658.35,261917,5,658.41,67396,149992,0.5959202383680918,0
2023-07-28 12:01:16,658.35,261922,5,658.41,67393,149798,0.5959202383680918,0
2023-07-28 12:01:16,658.35,261922,5,658.41,67439,149798,0.5959202383680918,0
2023-07-28 12:01:16,658.35,261922,5,658.41,67393,149798,0.5959202383680918,0
2023-07-28 12:01:16,658.8,261922,9,658.41,67393,149798,0.6646802658720924,0
2023-07-28 12:01:23,658.8,261931,9,658.41,67384,149789,0.6646802658720924,0
2023-07-28 12:01:23,658.8,261931,9,658.41,67284,149789,0.6646802658720924,0
2023-07-28 12:01:23,658.8,261931,9,658.41,67325,149779,0.6646802658720924,0
2023-07-28 12:01:23,658.8,261931,9,658.41,67332,149779,0.6646802658720924,0
2023-07-28 12:01:23,658.8,261931,9,658.41,67502,149779,0.6646802658720924,0
2023-07-28 12:01:23,658.85,261931,4,658.41,67502,149779,0.672320268928104,0
2023-07-28 12:01:38,658.85,261935,4,658.41,67523,149772,0.672320268928104,0
2023-07-28 12:01:38,658.85,261935,4,658.41,67523,149772,0.672320268928104,0
2023-07-28 12:01:40,658.65,261941,2,658.41,67597,149927,0.6417602567040922,0
2023-07-28 12:01:43,658.35,261966,25,658.41,67582,149956,0.5959202383680918,0
2023-07-28 12:01:43,658.35,261966,25,658.41,67448,149987,0.5959202383680918,0
2023-07-28 12:01:43,658.35,261966,25,658.41,67428,150087,0.5959202383680918,0
2023-07-28 12:01:43,658.65,261966,18,658.41,67428,150087,0.6417602567040922,0
2023-07-28 12:01:50,658.65,261984,18,658.41,67428,150069,0.6417602567040922,0
2023-07-28 12:01:50,658.65,261984,18,658.41,67432,150069,0.6417602567040922,0
2023-07-28 12:01:50,658.65,261984,18,658.41,67432,150069,0.6417602567040922,0
2023-07-28 12:01:50,658.65,261984,18,658.41,67448,150118,0.6417602567040922,0
2023-07-28 12:01:50,658.65,261984,18,658.41,67448,150105,0.6417602567040922,0
2023-07-28 12:01:50,658.35,261984,13,658.41,67448,150105,0.5959202383680918,0
2023-07-28 12:02:04,658.35,262007,13,658.41,67362,150236,0.5959202383680918,0
2023-07-28 12:02:04,658.65,262007,50,658.41,67362,150236,0.6417602567040922,0
2023-07-28 12:02:06,658.65,262057,50,658.41,67362,150110,0.6417602567040922,0
2023-07-28 12:02:06,658.65,262057,50,658.41,67353,150110,0.6417602567040922,0
2023-07-28 12:02:06,658.65,262057,50,658.41,67353,150121,0.6417602567040922,0
2023-07-28 12:02:18,658.65,262066,9,658.41,67353,150083,0.6417602567040922,0
2023-07-28 12:02:18,658.65,262066,9,658.41,67373,150083,0.6417602567040922,0
2023-07-28 12:02:18,658.35,262066,5,658.41,67373,150083,0.5959202383680918,0
2023-07-28 12:02:24,658.35,262071,5,658.41,67372,150083,0.5959202383680918,0
2023-07-28 12:02:24,658.35,262071,5,658.41,67376,150083,0.5959202383680918,0
2023-07-28 12:02:24,658.35,262071,5,658.41,67426,150083,0.5959202383680918,0
2023-07-28 12:02:24,658.35,262071,5,658.41,67426,150083,0.5959202383680918,0
2023-07-28 12:02:24,658.65,262071,2,658.41,67426,150083,0.6417602567040922,0
2023-07-28 12:02:43,658.65,262073,2,658.41,67426,150081,0.6417602567040922,0
2023-07-28 12:02:43,658.65,262073,2,658.41,67411,150081,0.6417602567040922,0
2023-07-28 12:02:43,658.65,262073,2,658.41,67411,150084,0.6417602567040922,0
2023-07-28 12:02:51,658.65,262075,2,658.41,67411,150082,0.6417602567040922,0
2023-07-28 12:02:51,658.65,262075,2,658.41,67411,150082,0.6417602567040922,0
2023-07-28 12:02:54,658.65,262077,2,658.41,67413,150080,0.6417602567040922,0
2023-07-28 12:02:54,658.65,262077,2,658.41,66807,149997,0.6417602567040922,0
2023-07-28 12:02:54,658.35,262077,6,658.41,66807,149997,0.5959202383680918,0
2023-07-28 12:03:02,658.35,262083,6,658.41,66483,150008,0.5959202383680918,0
2023-07-28 12:03:02,658.35,262083,6,658.41,66483,150311,0.5959202383680918,0
2023-07-28 12:03:02,658.65,262083,1,658.41,66483,150311,0.6417602567040922,0
2023-07-28 12:03:12,658.65,262084,1,658.41,66483,150316,0.6417602567040922,0
2023-07-28 12:03:15,658.65,262098,14,658.41,66726,150474,0.6417602567040922,0
2023-07-28 12:03:15,658.8,262098,3,658.41,66726,150474,0.6646802658720924,0
2023-07-28 12:03:17,658.8,262101,3,658.41,66726,150426,0.6646802658720924,0
2023-07-28 12:03:17,658.65,262101,10,658.41,66726,150426,0.6417602567040922,0
2023-07-28 12:03:27,658.65,262111,10,658.41,66716,150427,0.6417602567040922,0
2023-07-28 12:03:27,658.8,262111,3,658.41,66716,150427,0.6646802658720924,0
2023-07-28 12:03:27,658.45,262111,10,658.41,66716,150427,0.6112002444800978,0
2023-07-28 12:03:35,658.8,262134,50,658.41,66701,150553,0.6646802658720924,0
2023-07-28 12:03:37,658.8,262184,50,658.41,66507,150526,0.6646802658720924,0
2023-07-28 12:03:43,658.35,262339,4,658.41,65886,152154,0.5959202383680918,0
2023-07-28 12:03:48,658.15,262342,3,658.41,65883,152156,0.56536022614408,0
2023-07-28 12:03:48,658.15,262342,3,658.41,65883,152176,0.56536022614408,0
2023-07-28 12:03:48,658.15,262342,3,658.41,65898,152176,0.56536022614408,0
2023-07-28 12:03:48,658.5,262342,1,658.41,66172,151984,0.618840247536092,0
2023-07-28 12:03:48,658.65,262342,7,658.41,66172,151984,0.6417602567040922,0
2023-07-28 12:03:58,658.65,262363,8,658.41,66043,152115,0.6417602567040922,0
2023-07-28 12:03:58,658.25,262363,11,658.41,66043,152115,0.580640232256086,0
2023-07-28 12:04:01,658.25,262374,11,658.41,66032,152275,0.580640232256086,0
2023-07-28 12:04:01,658.25,262374,3,658.41,66032,152275,0.580640232256086,0
2023-07-28 12:04:05,658.25,262377,3,658.41,65890,152407,0.580640232256086,0
2023-07-28 12:04:05,658.25,262377,3,658.41,65990,152407,0.580640232256086,0
2023-07-28 12:04:05,658.25,262377,3,658.41,65990,150594,0.580640232256086,0
2023-07-28 12:04:05,658.75,262377,10,658.41,65990,150594,0.6570402628160982,0
2023-07-28 12:04:05,658.65,262377,160,658.41,65990,150594,0.6417602567040922,0
2023-07-28 12:04:16,658.65,262637,160,658.41,66510,150707,0.6417602567040922,0
2023-07-28 12:04:16,658.65,262637,160,658.41,66261,150968,0.6417602567040922,0
2023-07-28 12:04:16,658.2,262637,4,658.41,66261,150968,0.5730002292000916,0
2023-07-28 12:04:23,658.2,262740,4,658.41,65978,151124,0.5730002292000916,0
2023-07-28 12:04:23,658.55,262740,13,658.41,65978,151124,0.6264802505920863,0
2023-07-28 12:04:25,658.55,262753,13,658.41,65978,151111,0.6264802505920863,0
2023-07-28 12:04:25,658.55,262753,13,658.41,66003,151111,0.6264802505920863,0
2023-07-28 12:04:25,658.55,262753,10,658.41,66003,151111,0.6264802505920863,0
2023-07-28 12:04:30,658.5,262764,1,658.41,66334,151028,0.618840247536092,0
2023-07-28 12:04:30,658.5,262764,1,658.41,66177,150833,0.618840247536092,0
2023-07-28 12:04:30,658.5,262764,1,658.41,66157,150833,0.618840247536092,0
2023-07-28 12:04:30,658.25,262764,70,658.41,66157,150833,0.580640232256086,0
2023-07-28 12:04:30,658.8,262764,3,658.41,66157,150833,0.6646802658720924,0
2023-07-28 12:04:30,658.85,262764,43,658.41,66157,150833,0.672320268928104,0
2023-07-28 12:04:40,658.85,263589,43,658.41,66541,150575,0.672320268928104,0
2023-07-28 12:04:40,658.85,263589,10,658.41,66541,150575,0.672320268928104,0
2023-07-28 12:04:43,658.85,263599,10,658.41,66532,150581,0.672320268928104,0
2023-07-28 12:04:46,658.3,263602,1,658.41,66531,150577,0.5882802353120802,0
2023-07-28 12:04:46,658.3,263602,1,658.41,66531,150577,0.5882802353120802,0
2023-07-28 12:04:46,658.3,263602,1,658.41,66531,150567,0.5882802353120802,0
2023-07-28 12:04:46,658.3,263602,1,658.41,66541,150567,0.5882802353120802,0
2023-07-28 12:04:46,658.85,263602,3,658.41,66541,150567,0.672320268928104,0
2023-07-28 12:04:56,658.85,263605,3,658.41,66541,150647,0.672320268928104,0
2023-07-28 12:04:56,658.85,263605,1,658.41,66541,150647,0.672320268928104,0
2023-07-28 12:05:02,658.85,263606,1,658.41,66541,150666,0.672320268928104,0
2023-07-28 12:05:02,658.85,263606,1,658.41,66541,150666,0.672320268928104,0
2023-07-28 12:05:02,658.35,263606,1,658.41,66541,150666,0.5959202383680918,0
2023-07-28 12:05:10,658.85,263619,10,658.41,66562,150676,0.672320268928104,0
2023-07-28 12:05:12,658.35,263620,1,658.41,66560,150676,0.5959202383680918,0
2023-07-28 12:05:14,658.85,263645,14,658.41,66563,150659,0.672320268928104,0
2023-07-28 12:05:14,658.35,263645,11,658.41,66563,150659,0.5959202383680918,0
2023-07-28 12:05:18,658.35,263656,11,658.41,66555,150659,0.5959202383680918,0
2023-07-28 12:05:18,658.35,263656,11,658.41,66556,150659,0.5959202383680918,0
2023-07-28 12:05:18,658.35,263656,11,658.41,66556,150709,0.5959202383680918,0
2023-07-28 12:05:18,658.35,263656,11,658.41,66557,150709,0.5959202383680918,0
2023-07-28 12:05:18,658.85,263656,4,658.41,66557,150709,0.672320268928104,0
2023-07-28 12:05:18,658.3,263656,16,658.41,66557,150709,0.5882802353120802,0
2023-07-28 12:05:28,658.3,263794,16,658.41,66066,151062,0.5882802353120802,0
2023-07-28 12:05:28,658.05,263794,1,658.41,66066,151062,0.5500802200320741,0
2023-07-28 12:05:32,658.55,263850,1,658.41,65920,151062,0.6264802505920863,0
2023-07-28 12:05:32,658.55,263850,1,658.41,65920,151062,0.6264802505920863,0
2023-07-28 12:05:32,658.15,263850,16,658.41,65920,151062,0.56536022614408,0
2023-07-28 12:05:32,657.7,263850,2,658.41,65920,151062,0.4966001986400794,0
2023-07-28 12:05:34,657.7,268102,2,658.4,62050,151884,0.4966001986400794,0
2023-07-28 12:05:34,657.45,268102,5,658.4,62050,151884,0.4584001833600733,0
2023-07-28 12:05:34,657.65,268102,15,658.4,62050,151884,0.4889601955840678,0
2023-07-28 12:05:37,657.65,268252,15,658.4,61846,151984,0.4889601955840678,0
2023-07-28 12:05:44,657.0,268752,368,658.4,61184,152182,0.3896401558560554,0
2023-07-28 12:05:44,657.4,268752,25,658.4,61184,152182,0.4507601803040617,0
2023-07-28 12:05:44,657.0,268752,1,658.4,61184,152182,0.3896401558560554,0
2023-07-28 12:05:46,657.0,268789,11,658.4,61172,152184,0.3896401558560554,0
2023-07-28 12:05:46,657.4,268789,1,658.4,61172,152184,0.4507601803040617,0
2023-07-28 12:05:51,657.4,268790,1,658.4,61172,152183,0.4507601803040617,0
2023-07-28 12:05:51,657.0,268790,191,658.4,61172,152183,0.3896401558560554,0
2023-07-28 12:05:54,657.0,268981,191,658.4,60981,152161,0.3896401558560554,0
2023-07-28 12:05:54,657.0,268981,191,658.4,60981,152165,0.3896401558560554,0
2023-07-28 12:05:54,657.0,268981,191,658.4,60920,152219,0.3896401558560554,0
2023-07-28 12:05:54,657.4,268981,1,658.4,60920,152219,0.4507601803040617,0
2023-07-28 12:06:04,657.4,268982,1,658.4,60919,152228,0.4507601803040617,0
2023-07-28 12:06:04,657.4,268982,1,658.4,61094,152228,0.4507601803040617,0
2023-07-28 12:06:04,657.4,268982,1,658.4,61219,152228,0.4507601803040617,0
2023-07-28 12:06:04,657.4,268982,5,658.4,61219,152268,0.4507601803040617,0
2023-07-28 12:06:13,657.4,268987,5,658.4,61220,152244,0.4507601803040617,0
2023-07-28 12:06:13,657.5,268987,1,658.4,61220,152244,0.4660401864160676,0
2023-07-28 12:06:16,657.5,268988,1,658.4,61141,151820,0.4660401864160676,0
2023-07-28 12:06:16,657.0,268988,3,658.4,61141,151820,0.3896401558560554,0
2023-07-28 12:06:18,657.0,268991,3,658.4,61138,151810,0.3896401558560554,0
2023-07-28 12:06:18,657.5,268991,1,658.4,61138,151810,0.4660401864160676,0
2023-07-28 12:06:21,657.5,268992,1,658.4,61150,151855,0.4660401864160676,0
2023-07-28 12:06:21,657.45,268992,4,658.4,61150,151855,0.4584001833600733,0
2023-07-28 12:06:23,657.45,268996,4,658.4,61151,151851,0.4584001833600733,0
2023-07-28 12:06:23,657.5,268996,10,658.4,61151,151851,0.4660401864160676,0
2023-07-28 12:06:24,657.5,269006,10,658.4,61322,151890,0.4660401864160676,0
2023-07-28 12:06:24,657.5,269006,10,658.4,61322,151914,0.4660401864160676,0
2023-07-28 12:06:30,657.05,269066,15,658.4,61138,151862,0.39728015891204965,0
2023-07-28 12:06:30,657.0,269066,20,658.4,61138,151867,0.3896401558560554,0
2023-07-28 12:06:30,657.45,269066,1,658.4,61138,151867,0.4584001833600733,0
2023-07-28 12:06:34,657.45,269092,1,658.4,61018,152029,0.4584001833600733,0
2023-07-28 12:06:34,657.45,269092,1,658.4,61018,152005,0.4584001833600733,0
2023-07-28 12:06:34,657.45,269092,1,658.4,60976,152005,0.4584001833600733,0
2023-07-28 12:06:34,657.0,269092,100,658.4,60976,152005,0.3896401558560554,0
2023-07-28 12:06:41,657.0,269193,100,658.4,60801,152038,0.3896401558560554,0
2023-07-28 12:06:41,657.0,269193,100,658.4,60801,152038,0.3896401558560554,0
2023-07-28 12:06:41,657.0,269193,100,658.4,60843,152038,0.3896401558560554,0
2023-07-28 12:06:41,657.45,269193,1,658.4,60843,152038,0.4584001833600733,0
2023-07-28 12:06:48,657.45,269194,1,658.4,60843,152037,0.4584001833600733,0
2023-07-28 12:06:48,657.45,269194,3,658.4,60843,152037,0.4584001833600733,0
2023-07-28 12:06:50,657.45,269197,3,658.4,60670,152064,0.4584001833600733,0
2023-07-28 12:06:50,657.0,269197,10,658.4,60670,152064,0.3896401558560554,0
2023-07-28 12:06:50,657.55,269197,11,658.4,60670,152064,0.47368018947206186,0
2023-07-28 12:06:55,657.55,269327,11,658.4,60895,152007,0.47368018947206186,0
2023-07-28 12:06:58,657.5,269334,7,658.4,60904,152017,0.4660401864160676,0
2023-07-28 12:06:58,657.55,269334,30,658.4,60904,152017,0.47368018947206186,0
2023-07-28 12:07:00,657.05,269464,30,658.39,60795,151923,0.39728015891204965,0
2023-07-28 12:07:00,657.05,269464,30,658.39,60909,151923,0.39728015891204965,0
2023-07-28 12:07:00,657.05,269464,30,658.39,60873,151942,0.39728015891204965,0
2023-07-28 12:07:00,657.55,269464,5,658.39,60873,151942,0.47368018947206186,0
2023-07-28 12:07:09,657.55,269469,5,658.39,60874,151911,0.47368018947206186,0
2023-07-28 12:07:09,657.55,269469,4,658.39,60874,151911,0.47368018947206186,0
2023-07-28 12:07:13,657.55,269473,4,658.39,60881,151818,0.47368018947206186,0
2023-07-28 12:07:13,657.55,269473,4,658.39,60941,151818,0.47368018947206186,0
2023-07-28 12:07:13,657.55,269473,4,658.39,60881,151818,0.47368018947206186,0
2023-07-28 12:07:13,657.55,269473,4,658.39,60951,151818,0.47368018947206186,0
2023-07-28 12:07:13,657.55,269473,4,658.39,60875,151935,0.47368018947206186,0
2023-07-28 12:07:13,657.55,269473,4,658.39,60805,151935,0.47368018947206186,0
2023-07-28 12:07:13,657.55,269473,4,658.39,60805,151969,0.47368018947206186,0
2023-07-28 12:07:13,657.55,269473,4,658.39,60785,151969,0.47368018947206186,0
2023-07-28 12:07:13,657.4,269473,9,658.39,60785,151969,0.4507601803040617,0
2023-07-28 12:07:42,657.4,269482,9,658.39,60788,152060,0.4507601803040617,0
2023-07-28 12:07:42,657.4,269482,9,658.39,60788,152052,0.4507601803040617,0
2023-07-28 12:07:48,657.05,269483,1,658.39,60787,152052,0.39728015891204965,0
2023-07-28 12:07:48,657.4,269483,5,658.39,60787,152052,0.4507601803040617,0
2023-07-28 12:07:49,657.4,269488,5,658.39,60872,152057,0.4507601803040617,0
2023-07-28 12:07:49,657.4,269488,5,658.39,60872,152057,0.4507601803040617,0
2023-07-28 12:07:49,657.4,269488,5,658.39,60872,152007,0.4507601803040617,0
2023-07-28 12:07:49,657.05,269488,6,658.39,60872,152007,0.39728015891204965,0
2023-07-28 12:07:56,657.05,269494,6,658.39,60866,152052,0.39728015891204965,0
2023-07-28 12:07:56,657.4,269494,10,658.39,60866,152052,0.4507601803040617,0
2023-07-28 12:07:59,657.4,269504,10,658.39,60866,152042,0.4507601803040617,0
2023-07-28 12:07:59,657.55,269504,63,658.39,60866,152042,0.47368018947206186,0
2023-07-28 12:08:01,657.55,269604,63,658.39,60866,151934,0.47368018947206186,0
2023-07-28 12:08:01,657.45,269604,1,658.39,60866,151978,0.4584001833600733,0
2023-07-28 12:08:10,657.05,269635,30,658.39,61306,151941,0.39728015891204965,0
2023-07-28 12:08:10,657.05,269635,30,658.39,61321,151941,0.39728015891204965,0
2023-07-28 12:08:10,657.0,269635,3,658.39,61321,151941,0.3896401558560554,0
2023-07-28 12:08:15,657.0,269717,3,658.39,61239,151964,0.3896401558560554,0
2023-07-28 12:08:15,657.35,269717,13,658.39,61239,151964,0.4431201772480674,0
2023-07-28 12:08:17,657.35,269759,13,658.39,61659,151735,0.4431201772480674,0
2023-07-28 12:08:17,657.35,269759,13,658.39,61659,151790,0.4431201772480674,0
2023-07-28 12:08:17,657.35,269759,13,658.39,61645,151790,0.4431201772480674,0
2023-07-28 12:08:17,657.35,269759,13,658.39,61730,151769,0.4431201772480674,0
2023-07-28 12:08:17,657.7,269759,14,658.39,61730,151769,0.4966001986400794,0
2023-07-28 12:08:28,657.7,269779,14,658.39,61800,151741,0.4966001986400794,0
2023-07-28 12:08:28,657.7,269779,3,658.39,61800,151741,0.4966001986400794,0
2023-07-28 12:08:31,657.2,269782,7,658.39,61822,151814,0.4202001680800672,0
2023-07-28 12:08:32,657.2,269813,7,658.39,61648,151885,0.4202001680800672,0
2023-07-28 12:08:32,657.55,269813,38,658.39,61678,152006,0.47368018947206186,0
2023-07-28 12:08:32,657.6,269813,3,658.39,61678,152006,0.4813201925280735,0
2023-07-28 12:08:39,657.6,269913,3,658.39,61688,151955,0.4813201925280735,0
2023-07-28 12:08:39,657.1,269913,20,658.39,61688,151955,0.4049201619680613,0
2023-07-28 12:08:41,657.1,269933,20,658.39,61682,151963,0.4049201619680613,0
2023-07-28 12:08:41,657.1,269933,20,658.39,61670,151970,0.4049201619680613,0
2023-07-28 12:08:41,657.1,269933,3,658.39,61670,151970,0.4049201619680613,0
2023-07-28 12:08:46,657.1,269936,3,658.39,61667,151970,0.4049201619680613,0
2023-07-28 12:08:46,657.1,269936,3,658.39,61669,152015,0.4049201619680613,0
2023-07-28 12:08:46,657.15,269936,2,658.39,61669,152015,0.41256016502405557,0
2023-07-28 12:08:54,657.15,269938,2,658.39,61720,151968,0.41256016502405557,0
2023-07-28 12:08:54,657.15,269938,2,658.39,61799,152068,0.41256016502405557,0
2023-07-28 12:08:54,657.6,269938,13,658.39,61799,152068,0.4813201925280735,0
2023-07-28 12:09:09,657.6,269953,13,658.39,61993,151961,0.4813201925280735,0
2023-07-28 12:09:09,657.6,269953,13,658.39,62043,151961,0.4813201925280735,0
2023-07-28 12:09:09,657.7,269953,100,658.39,62043,151961,0.4966001986400794,0
2023-07-28 12:09:14,657.7,270053,100,658.39,62196,152214,0.4966001986400794,0
2023-07-28 12:09:17,657.35,270060,5,658.39,62189,152214,0.4431201772480674,0
2023-07-28 12:09:17,657.3,270060,31,658.39,62189,152214,0.43548017419205576,0
2023-07-28 12:09:19,657.3,270105,31,658.39,62168,152224,0.43548017419205576,0
2023-07-28 12:09:19,657.3,270105,31,658.39,62159,152214,0.43548017419205576,0
2023-07-28 12:09:19,657.3,270105,31,658.39,62152,152214,0.43548017419205576,0
2023-07-28 12:09:19,657.3,270105,31,658.39,62207,152362,0.43548017419205576,0
2023-07-28 12:09:19,657.3,270105,31,658.39,62094,152430,0.43548017419205576,0
2023-07-28 12:09:32,657.3,270228,3,658.39,61939,152229,0.43548017419205576,0
2023-07-28 12:09:32,657.8,270228,54,658.39,61939,152229,0.511880204752068,0
2023-07-28 12:09:33,657.8,270305,54,658.39,61857,152623,0.511880204752068,0
2023-07-28 12:09:33,657.15,270305,40,658.39,61857,152623,0.41256016502405557,0
2023-07-28 12:09:37,657.15,270345,40,658.39,61661,152515,0.41256016502405557,0
2023-07-28 12:09:37,657.15,270345,40,658.39,61656,152590,0.41256016502405557,0
2023-07-28 12:09:37,657.15,270345,40,658.39,61656,152600,0.41256016502405557,0
2023-07-28 12:09:37,657.15,270345,40,658.39,61658,152600,0.41256016502405557,0
2023-07-28 12:09:54,657.55,270347,2,658.39,61558,152598,0.47368018947206186,0
2023-07-28 12:09:54,657.55,270347,2,658.39,61570,152598,0.47368018947206186,0
2023-07-28 12:09:54,657.55,270347,20,658.39,61570,152598,0.47368018947206186,0
2023-07-28 12:10:02,657.55,270367,20,658.39,61570,152578,0.47368018947206186,0
2023-07-28 12:10:02,657.65,270367,13,658.39,61570,152578,0.4889601955840678,0
2023-07-28 12:10:04,657.65,270417,13,658.39,61488,152571,0.4889601955840678,0
2023-07-28 12:10:04,657.65,270417,9,658.39,61488,152571,0.4889601955840678,0
2023-07-28 12:10:08,657.65,270426,9,658.39,61485,152541,0.4889601955840678,0
2023-07-28 12:10:08,657.65,270426,9,658.39,61485,152608,0.4889601955840678,0
2023-07-28 12:10:08,657.65,270426,9,658.39,61443,152560,0.4889601955840678,0
2023-07-28 12:10:08,657.55,270426,31,658.39,61443,152560,0.47368018947206186,0
2023-07-28 12:10:23,657.55,270459,31,658.39,61488,152519,0.47368018947206186,0
2023-07-28 12:10:23,657.55,270459,31,658.39,61488,152520,0.47368018947206186,0
2023-07-28 12:10:23,657.55,270459,1,658.39,61488,152520,0.47368018947206186,0
2023-07-28 12:10:30,657.65,270460,20,658.39,61602,152403,0.4889601955840678,0
2023-07-28 12:10:33,657.65,270480,20,658.39,61602,152386,0.4889601955840678,0
2023-07-28 12:10:33,657.15,270480,3,658.39,61602,152386,0.41256016502405557,0
2023-07-28 12:10:49,657.15,270483,3,658.39,61595,152386,0.41256016502405557,0
2023-07-28 12:10:49,657.15,270483,3,658.39,61595,152506,0.41256016502405557,0
2023-07-28 12:10:49,657.15,270483,3,658.39,61595,152506,0.41256016502405557,0
2023-07-28 12:10:49,657.55,270483,5,658.39,61595,152506,0.47368018947206186,0
2023-07-28 12:11:03,657.55,270533,5,658.39,61769,152341,0.47368018947206186,0
2023-07-28 12:11:03,657.55,270533,5,658.39,61769,152341,0.47368018947206186,0
2023-07-28 12:11:03,657.6,270533,1,658.39,61769,152341,0.4813201925280735,0
2023-07-28 12:11:11,657.6,270534,1,658.39,61831,152340,0.4813201925280735,0
2023-07-28 12:11:11,657.6,270534,1,658.39,61729,152296,0.4813201925280735,0
2023-07-28 12:11:11,657.6,270534,1,658.39,61728,152296,0.4813201925280735,0
2023-07-28 12:11:11,657.6,270534,1,658.39,61808,152139,0.4813201925280735,0
2023-07-28 12:11:11,657.05,270534,20,658.39,61808,152139,0.39728015891204965,0
2023-07-28 12:11:31,657.05,270834,20,658.39,61420,152316,0.39728015891204965,0
2023-07-28 12:11:31,657.05,270834,20,658.39,61398,152401,0.39728015891204965,0
2023-07-28 12:11:31,657.05,270834,29,658.39,61398,152401,0.39728015891204965,0
2023-07-28 12:11:39,657.0,270863,24,658.39,61369,152372,0.3896401558560554,0
2023-07-28 12:11:39,657.0,270963,24,658.39,61269,152388,0.3896401558560554,0
2023-07-28 12:11:39,657.0,270963,24,658.39,61279,152388,0.3896401558560554,0
2023-07-28 12:11:39,657.0,270963,24,658.39,61279,152372,0.3896401558560554,0
2023-07-28 12:11:39,657.5,270963,2,658.39,61279,152372,0.4660401864160676,0
2023-07-28 12:11:51,657.5,270965,2,658.39,61234,152370,0.4660401864160676,0
2023-07-28 12:11:55,657.0,270969,4,658.39,61230,152367,0.3896401558560554,0
2023-07-28 12:11:55,657.55,270979,7,658.39,61238,152372,0.47368018947206186,0
2023-07-28 12:11:55,657.55,270979,7,658.39,61238,152377,0.47368018947206186,0
2023-07-28 12:11:55,657.55,270979,25,658.39,61238,152377,0.47368018947206186,0
2023-07-28 12:12:07,657.6,271093,1,658.39,64317,152074,0.4813201925280735,0
2023-07-28 12:12:07,657.6,271143,4,658.39,64268,152094,0.4813201925280735,0
2023-07-28 12:12:07,657.55,271143,1,658.39,64268,152094,0.47368018947206186,0
2023-07-28 12:12:11,657.55,271169,1,658.39,64162,152180,0.47368018947206186,0
2023-07-28 12:12:11,657.55,271169,1,658.39,64162,152159,0.47368018947206186,0
2023-07-28 12:12:11,657.6,271169,2,658.39,64162,152159,0.4813201925280735,0
2023-07-28 12:12:16,657.6,271171,2,658.39,64202,152147,0.4813201925280735,0
2023-07-28 12:12:16,657.6,271171,2,658.39,64141,152147,0.4813201925280735,0
2023-07-28 12:12:16,657.6,271171,2,658.39,64177,152147,0.4813201925280735,0
2023-07-28 12:12:16,657.6,271171,2,658.39,64222,152147,0.4813201925280735,0
2023-07-28 12:12:16,657.6,271171,1,658.39,64222,152147,0.4813201925280735,0
2023-07-28 12:12:28,657.6,271172,1,658.39,64222,152146,0.4813201925280735,0
2023-07-28 12:12:28,657.6,271172,1,658.39,64223,152146,0.4813201925280735,0
2023-07-28 12:12:28,657.6,271172,1,658.39,64248,152146,0.4813201925280735,0
2023-07-28 12:12:41,657.6,271173,1,658.39,64249,152145,0.4813201925280735,0
2023-07-28 12:12:46,657.6,271176,3,658.39,64330,152142,0.4813201925280735,0
2023-07-28 12:12:46,657.6,271176,3,658.39,64330,152250,0.4813201925280735,0
2023-07-28 12:12:53,657.5,271191,2,658.39,64315,152050,0.4660401864160676,0
2023-07-28 12:12:53,657.5,271191,2,658.39,64111,152050,0.4660401864160676,0
2023-07-28 12:12:53,657.5,271191,2,658.39,64111,152183,0.4660401864160676,0
2023-07-28 12:12:53,657.5,271191,2,658.39,64118,152183,0.4660401864160676,0
2023-07-28 12:12:53,657.6,271191,30,658.39,64118,152183,0.4813201925280735,0
2023-07-28 12:13:02,657.6,271221,30,658.39,64118,152153,0.4813201925280735,0
2023-07-28 12:13:02,657.6,271221,30,658.39,64126,152153,0.4813201925280735,0
2023-07-28 12:13:02,657.6,271221,1,658.39,64126,152153,0.4813201925280735,0
2023-07-28 12:13:02,657.6,271221,10,658.39,64126,152153,0.4813201925280735,0
2023-07-28 12:13:12,657.6,271232,10,658.39,64126,152142,0.4813201925280735,0
2023-07-28 12:13:12,657.5,271232,20,658.39,64126,152142,0.4660401864160676,0
2023-07-28 12:13:18,657.5,271252,20,658.39,64096,152144,0.4660401864160676,0
2023-07-28 12:13:18,657.5,271252,20,658.39,64096,152142,0.4660401864160676,0
2023-07-28 12:13:18,657.85,271252,24,658.39,64096,152142,0.5195202078080796,0
2023-07-28 12:13:18,657.6,271252,4,658.39,64096,152142,0.4813201925280735,0
2023-07-28 12:13:32,657.6,271282,4,658.39,64187,151880,0.4813201925280735,0
2023-07-28 12:13:32,657.6,271282,4,658.39,64105,152006,0.4813201925280735,0
2023-07-28 12:13:32,657.5,271282,1,658.39,64105,152006,0.4660401864160676,0
2023-07-28 12:13:37,657.5,271292,1,658.39,63983,152110,0.4660401864160676,0
2023-07-28 12:13:37,657.5,271292,1,658.39,63983,152140,0.4660401864160676,0
2023-07-28 12:13:37,657.5,271292,1,658.39,63983,152140,0.4660401864160676,0
2023-07-28 12:13:37,657.5,271292,1,658.39,63978,152140,0.4660401864160676,0
2023-07-28 12:13:37,657.5,271292,1,658.39,63978,152140,0.4660401864160676,0
2023-07-28 12:13:56,657.5,271318,1,658.39,63952,152142,0.4660401864160676,0
2023-07-28 12:14:03,657.7,271328,10,658.39,63965,152105,0.4966001986400794,0
2023-07-28 12:14:06,657.7,271378,6,658.39,63962,152055,0.4966001986400794,0
2023-07-28 12:14:06,657.7,271378,6,658.39,63982,152075,0.4966001986400794,0
2023-07-28 12:14:06,657.7,271378,6,658.39,63982,151950,0.4966001986400794,0
2023-07-28 12:14:06,657.7,271378,10,658.39,64082,151950,0.4966001986400794,0
2023-07-28 12:14:13,657.7,271388,10,658.39,64092,151956,0.4966001986400794,0
2023-07-28 12:14:13,657.7,271388,14,658.39,64092,151956,0.4966001986400794,0
2023-07-28 12:14:22,657.7,271412,10,658.39,64222,151928,0.4966001986400794,0
2023-07-28 12:14:22,657.7,271412,10,658.39,64222,151938,0.4966001986400794,0
2023-07-28 12:14:22,657.7,271412,1,658.39,64222,151938,0.4966001986400794,0
2023-07-28 12:14:25,657.7,271413,1,658.39,64222,151937,0.4966001986400794,0
2023-07-28 12:14:25,657.7,271413,1,658.39,64297,151937,0.4966001986400794,0
2023-07-28 12:14:25,657.7,271413,1,658.39,64304,151937,0.4966001986400794,0
2023-07-28 12:14:25,657.7,271413,1,658.39,64304,151937,0.4966001986400794,0
2023-07-28 12:14:25,657.5,271413,50,658.39,64304,151937,0.4660401864160676,0
2023-07-28 12:14:41,657.5,271463,50,658.39,64254,151938,0.4660401864160676,0
2023-07-28 12:14:41,657.7,271463,1,658.39,64254,151938,0.4966001986400794,0
2023-07-28 12:14:41,657.7,271463,5,658.39,64254,151938,0.4966001986400794,0
2023-07-28 12:14:47,657.7,271469,5,658.39,64255,151931,0.4966001986400794,0
2023-07-28 12:14:47,657.7,271469,5,658.39,64254,151931,0.4966001986400794,0
2023-07-28 12:14:58,657.5,271488,19,658.39,64285,151931,0.4660401864160676,0
2023-07-28 12:14:58,657.5,271488,19,658.39,64295,151931,0.4660401864160676,0
2023-07-28 12:15:05,657.5,271513,25,658.39,64270,151952,0.4660401864160676,0
2023-07-28 12:15:05,657.7,271513,18,658.39,64270,151952,0.4966001986400794,0
2023-07-28 12:15:05,657.7,271533,18,658.39,64270,151940,0.4966001986400794,0
2023-07-28 12:15:05,657.7,271533,13,658.39,64270,151940,0.4966001986400794,0
2023-07-28 12:15:10,657.7,271553,13,658.39,64270,151933,0.4966001986400794,0
2023-07-28 12:15:10,657.7,271553,13,658.39,64270,151953,0.4966001986400794,0
2023-07-28 12:15:10,657.7,271553,5,658.39,64270,151953,0.4966001986400794,0
2023-07-28 12:15:20,657.7,271558,5,658.39,64270,151948,0.4966001986400794,0
2023-07-28 12:15:20,657.7,271558,5,658.39,64269,151948,0.4966001986400794,0
2023-07-28 12:15:20,657.5,271558,67,658.39,64269,151948,0.4660401864160676,0
2023-07-28 12:15:28,657.5,271648,23,658.39,64179,151960,0.4660401864160676,0
2023-07-28 12:15:28,657.5,271648,23,658.39,64179,151960,0.4660401864160676,0
2023-07-28 12:15:28,658.0,271648,17,658.39,64179,151960,0.5424402169760798,0
2023-07-28 12:15:31,658.0,271800,17,658.39,64396,151684,0.5424402169760798,0
2023-07-28 12:15:31,658.0,271800,17,658.39,64398,151684,0.5424402169760798,0
2023-07-28 12:15:31,658.0,271800,17,658.39,64398,151854,0.5424402169760798,0
2023-07-28 12:15:31,658.0,271800,17,658.39,64398,151784,0.5424402169760798,0
2023-07-28 12:15:31,658.0,271800,2,658.39,64398,151784,0.5424402169760798,0
2023-07-28 12:15:41,658.0,271802,2,658.39,64398,151782,0.5424402169760798,0
2023-07-28 12:15:41,658.0,271802,2,658.39,64428,151782,0.5424402169760798,0
2023-07-28 12:15:41,657.6,271802,10,658.39,64428,151782,0.4813201925280735,0
2023-07-28 12:15:45,657.6,271812,10,658.39,64418,151807,0.4813201925280735,0
2023-07-28 12:15:45,657.6,271812,10,658.39,64418,151847,0.4813201925280735,0
2023-07-28 12:15:45,657.6,271812,10,658.39,64423,151847,0.4813201925280735,0
2023-07-28 12:15:45,657.6,271812,2,658.39,64423,151847,0.4813201925280735,0
2023-07-28 12:15:57,657.6,271814,2,658.39,64431,151847,0.4813201925280735,0
2023-07-28 12:15:57,657.6,271814,6,658.39,64431,151847,0.4813201925280735,0
2023-07-28 12:15:59,657.6,271820,6,658.39,64425,151847,0.4813201925280735,0
2023-07-28 12:15:59,657.6,271820,15,658.39,64425,151847,0.4813201925280735,0
2023-07-28 12:16:01,657.6,271835,15,658.39,64340,151847,0.4813201925280735,0
2023-07-28 12:16:01,657.5,271835,28,658.39,64340,151847,0.4660401864160676,0
2023-07-28 12:16:03,657.5,271935,28,658.39,64234,151941,0.4660401864160676,0
2023-07-28 12:16:03,657.95,271935,17,658.39,64234,151941,0.5348002139200855,0
2023-07-28 12:16:05,657.95,271952,17,658.39,64191,151924,0.5348002139200855,0
2023-07-28 12:16:05,657.5,271952,1,658.39,64191,151924,0.4660401864160676,0
2023-07-28 12:16:08,657.5,271953,1,658.39,64189,151924,0.4660401864160676,0
2023-07-28 12:16:08,657.5,271953,1,658.39,64189,151949,0.4660401864160676,0
2023-07-28 12:16:08,657.5,271953,1,658.39,64189,151949,0.4660401864160676,0
2023-07-28 12:16:08,657.5,271953,1,658.39,64189,151977,0.4660401864160676,0
2023-07-28 12:16:08,657.5,271953,1,658.39,64194,151980,0.4660401864160676,0
2023-07-28 12:16:08,657.5,271953,3,658.39,64194,151980,0.4660401864160676,0
2023-07-28 12:16:28,657.5,271956,3,658.39,64191,151980,0.4660401864160676,0
2023-07-28 12:16:28,657.5,271956,708,658.39,64191,151980,0.4660401864160676,0
2023-07-28 12:16:31,657.5,272664,708,658.38,63380,152122,0.4660401864160676,0
2023-07-28 12:16:31,657.5,272664,5,658.38,63380,152122,0.4660401864160676,0
2023-07-28 12:16:34,657.5,272669,5,658.38,63375,152105,0.4660401864160676,0
2023-07-28 12:16:34,657.8,272669,3,658.38,63375,152105,0.511880204752068,0
2023-07-28 12:16:36,657.8,272672,3,658.38,63375,152101,0.511880204752068,0
2023-07-28 12:16:36,657.5,272672,1,658.38,63375,152101,0.4660401864160676,0
2023-07-28 12:16:39,657.5,272673,1,658.38,63374,152271,0.4660401864160676,0
2023-07-28 12:16:39,657.5,272673,1,658.38,63374,152272,0.4660401864160676,0
2023-07-28 12:16:39,657.5,272673,1,658.38,63389,152233,0.4660401864160676,0
2023-07-28 12:16:39,657.5,272673,1,658.38,63389,152238,0.4660401864160676,0
2023-07-28 12:16:39,657.5,272673,4,658.38,63389,152238,0.4660401864160676,0
2023-07-28 12:16:49,657.8,272677,5,658.38,63480,152238,0.511880204752068,0
2023-07-28 12:16:50,657.8,272682,5,658.38,63475,152233,0.511880204752068,0
2023-07-28 12:17:00,657.8,272683,1,658.38,63475,152232,0.511880204752068,0
2023-07-28 12:17:00,657.8,272683,25,658.38,63475,152232,0.511880204752068,0
2023-07-28 12:17:04,657.8,272808,25,658.38,63342,152261,0.511880204752068,0
2023-07-28 12:17:04,657.8,272808,25,658.38,63342,152361,0.511880204752068,0
2023-07-28 12:17:04,657.8,272808,25,658.38,63342,152361,0.511880204752068,0
2023-07-28 12:17:12,657.8,272833,25,658.38,63414,152271,0.511880204752068,0
2023-07-28 12:17:12,657.8,272833,25,658.38,63417,152271,0.511880204752068,0
2023-07-28 12:17:12,657.85,272833,44,658.38,63417,152271,0.5195202078080796,0
2023-07-28 12:17:20,657.85,272883,44,658.38,63417,152227,0.5195202078080796,0
2023-07-28 12:17:20,657.5,272883,20,658.38,63417,152227,0.4660401864160676,0
2023-07-28 12:17:26,657.5,272903,20,658.38,63397,152227,0.4660401864160676,0
2023-07-28 12:17:26,657.5,272903,20,658.38,63327,152227,0.4660401864160676,0
2023-07-28 12:17:26,657.5,272903,20,658.38,63240,152227,0.4660401864160676,0
2023-07-28 12:17:26,657.5,272903,20,658.38,63240,152297,0.4660401864160676,0
2023-07-28 12:17:26,657.5,272903,20,658.38,63240,152302,0.4660401864160676,0
2023-07-28 12:17:26,657.5,272903,100,658.38,63240,152302,0.4660401864160676,0
2023-07-28 12:17:39,657.5,274913,100,658.38,61087,152828,0.4660401864160676,0
2023-07-28 12:17:39,657.5,274913,100,658.38,61452,152897,0.4660401864160676,0
2023-07-28 12:17:39,657.5,274913,100,658.38,61452,152907,0.4660401864160676,0
2023-07-28 12:17:39,657.5,274913,100,658.38,61334,152992,0.4660401864160676,0
2023-07-28 12:17:39,657.0,274913,4,658.38,61334,152992,0.3896401558560554,0
2023-07-28 12:17:53,657.35,275061,2,658.38,61083,153083,0.4431201772480674,0
2023-07-28 12:17:53,657.35,275061,2,658.38,59994,153085,0.4431201772480674,0
2023-07-28 12:17:53,657.5,275061,25,658.38,59994,153085,0.4660401864160676,0
2023-07-28 12:17:53,657.35,275061,10,658.38,59994,153085,0.4431201772480674,0
2023-07-28 12:17:59,657.35,275120,10,658.38,60211,153016,0.4431201772480674,0
2023-07-28 12:17:59,657.35,275120,10,658.38,60286,153009,0.4431201772480674,0
2023-07-28 12:17:59,657.35,275120,10,658.38,60286,153044,0.4431201772480674,0
2023-07-28 12:17:59,657.0,275120,5,658.38,60286,153044,0.3896401558560554,0
2023-07-28 12:18:09,657.0,275163,5,658.38,60202,153148,0.3896401558560554,0
2023-07-28 12:18:09,657.0,275163,5,658.38,60202,153158,0.3896401558560554,0
2023-07-28 12:18:15,657.0,275181,14,658.38,60184,153158,0.3896401558560554,0
2023-07-28 12:18:15,657.35,275181,7,658.38,60184,153158,0.4431201772480674,0
2023-07-28 12:18:16,657.35,275188,7,658.38,60211,153151,0.4431201772480674,0
2023-07-28 12:18:16,657.35,275188,7,658.38,60211,153141,0.4431201772480674,0
2023-07-28 12:18:28,657.0,275189,1,658.38,60208,153144,0.3896401558560554,0
2023-07-28 12:18:28,657.35,275189,30,658.38,60208,153144,0.4431201772480674,0
2023-07-28 12:18:29,657.35,275219,2,658.38,60210,153111,0.4431201772480674,0
2023-07-28 12:18:30,657.35,275221,2,658.38,60205,153109,0.4431201772480674,0
2023-07-28 12:18:30,657.35,275221,2,658.38,60205,153114,0.4431201772480674,0
2023-07-28 12:18:39,657.35,275326,92,658.38,60362,152916,0.4431201772480674,0
2023-07-28 12:18:39,657.35,275326,92,658.38,60459,152916,0.4431201772480674,0
2023-07-28 12:18:44,657.05,275329,3,658.38,60656,152920,0.39728015891204965,0
2023-07-28 12:18:49,657.05,275337,8,658.38,60663,152961,0.39728015891204965,0
2023-07-28 12:18:49,657.05,275337,8,658.38,60676,152961,0.39728015891204965,0
2023-07-28 12:18:49,657.5,275337,2,658.38,60676,152961,0.4660401864160676,0
2023-07-28 12:18:52,657.5,275347,2,658.38,60676,152939,0.4660401864160676,0
2023-07-28 12:18:52,657.5,275347,2,658.38,60676,152939,0.4660401864160676,0
2023-07-28 12:18:52,657.5,275347,1,658.38,60676,152939,0.4660401864160676,0
2023-07-28 12:18:55,657.5,275350,1,658.38,60676,152957,0.4660401864160676,0
2023-07-28 12:18:55,657.5,275350,1,658.38,60676,152908,0.4660401864160676,0
2023-07-28 12:18:55,657.0,275350,6,658.38,60676,152908,0.3896401558560554,0
2023-07-28 12:18:59,657.0,275400,6,658.37,60626,152908,0.3896401558560554,0
2023-07-28 12:18:59,657.0,275400,40,658.37,60626,152908,0.3896401558560554,0
2023-07-28 12:19:01,657.0,275440,40,658.37,60586,152908,0.3896401558560554,0
2023-07-28 12:19:01,657.0,275440,40,658.37,60549,152980,0.3896401558560554,0
2023-07-28 12:19:01,657.05,275440,20,658.37,60549,152980,0.39728015891204965,0
2023-07-28 12:19:01,657.0,275440,2,658.37,60549,152980,0.3896401558560554,0
2023-07-28 12:19:07,657.0,275462,2,658.37,60547,152955,0.3896401558560554,0
2023-07-28 12:19:07,657.05,275462,2,658.37,60547,152955,0.39728015891204965,0
2023-07-28 12:19:11,657.05,275464,2,658.37,60547,152953,0.39728015891204965,0
2023-07-28 12:19:14,657.0,275486,7,658.37,60540,152938,0.3896401558560554,0
2023-07-28 12:19:14,657.0,275486,7,658.37,60540,152938,0.3896401558560554,0
2023-07-28 12:19:14,657.0,275486,36,658.37,60540,152938,0.3896401558560554,0
2023-07-28 12:19:22,657.0,275536,36,658.37,60562,152975,0.3896401558560554,0
2023-07-28 12:19:22,657.0,275536,1,658.37,60562,152975,0.3896401558560554,0
2023-07-28 12:19:23,657.0,275537,1,658.37,61561,153117,0.3896401558560554,0
2023-07-28 12:19:37,657.0,275626,9,658.37,61422,152886,0.3896401558560554,0
2023-07-28 12:19:37,657.0,275626,5,658.37,61422,152886,0.3896401558560554,0
2023-07-28 12:19:38,657.0,275632,5,658.37,61416,152868,0.3896401558560554,0
2023-07-28 12:19:38,657.2,275632,2,658.37,61416,152868,0.4202001680800672,0
2023-07-28 12:19:42,657.2,275756,2,658.37,60977,153184,0.4202001680800672,0
2023-07-28 12:19:42,657.2,275756,2,658.37,60977,153185,0.4202001680800672,0
2023-07-28 12:19:42,657.2,275756,2,658.37,60977,153205,0.4202001680800672,0
2023-07-28 12:19:42,657.2,275756,2,658.37,61010,153280,0.4202001680800672,0
2023-07-28 12:19:42,657.2,275756,2,658.37,61008,153280,0.4202001680800672,0
2023-07-28 12:19:42,657.2,275756,2,658.37,61008,153286,0.4202001680800672,0
2023-07-28 12:19:42,657.2,275756,2,658.37,61035,153286,0.4202001680800672,0
2023-07-28 12:19:42,657.2,275756,5,658.37,61035,153286,0.4202001680800672,0
2023-07-28 12:20:02,657.2,275761,5,658.37,61025,153281,0.4202001680800672,0
2023-07-28 12:20:02,657.2,275761,5,658.37,61115,153376,0.4202001680800672,0
2023-07-28 12:20:12,657.2,275762,1,658.37,61214,153375,0.4202001680800672,0
2023-07-28 12:20:14,656.45,275854,47,658.37,61205,153392,0.3056001222400489,0
2023-07-28 12:20:14,657.2,275854,9,658.37,61205,153392,0.4202001680800672,0
2023-07-28 12:20:15,657.2,275864,9,658.37,61416,152923,0.4202001680800672,0
2023-07-28 12:20:15,657.2,275864,9,658.37,61473,152923,0.4202001680800672,0
2023-07-28 12:20:15,657.2,275864,9,658.37,61473,152920,0.4202001680800672,0
2023-07-28 12:20:15,657.2,275864,9,658.37,61478,152920,0.4202001680800672,0
2023-07-28 12:20:15,657.2,275864,9,658.37,61528,152920,0.4202001680800672,0
2023-07-28 12:20:15,657.0,275864,11,658.37,61528,152920,0.3896401558560554,0
2023-07-28 12:20:37,657.0,275875,11,658.37,61602,152804,0.3896401558560554,0
2023-07-28 12:20:37,657.0,275875,11,658.37,61592,152810,0.3896401558560554,0
2023-07-28 12:20:37,657.0,275875,2,658.37,61592,152810,0.3896401558560554,0
2023-07-28 12:20:41,657.0,275877,2,658.37,61590,152810,0.3896401558560554,0
2023-07-28 12:20:41,657.0,275877,1,658.37,61590,152810,0.3896401558560554,0
2023-07-28 12:20:44,657.0,275879,1,658.37,61591,152809,0.3896401558560554,0
2023-07-28 12:20:44,657.2,275879,1,658.37,61591,152809,0.4202001680800672,0
2023-07-28 12:20:48,657.2,275880,1,658.37,61590,152798,0.4202001680800672,0
2023-07-28 12:20:48,657.2,275880,1,658.37,61591,152798,0.4202001680800672,0
2023-07-28 12:20:48,657.2,275880,12,658.37,61591,152798,0.4202001680800672,0
2023-07-28 12:20:55,657.2,275959,12,658.37,61591,152731,0.4202001680800672,0
2023-07-28 12:20:55,657.2,275959,12,658.37,61579,152731,0.4202001680800672,0
2023-07-28 12:20:55,657.2,275959,5,658.37,61579,152731,0.4202001680800672,0
2023-07-28 12:21:01,657.2,275974,10,658.37,61579,152716,0.4202001680800672,0
2023-07-28 12:21:01,657.2,275974,10,658.37,61584,152716,0.4202001680800672,0
2023-07-28 12:21:01,657.2,275974,10,658.37,61650,152716,0.4202001680800672,0
2023-07-28 12:21:01,657.2,275974,8,658.37,61650,152716,0.4202001680800672,0
2023-07-28 12:21:11,657.2,275983,8,658.37,61650,152707,0.4202001680800672,0
2023-07-28 12:21:15,656.45,276283,15,658.37,61180,153085,0.3056001222400489,0
2023-07-28 12:21:15,656.45,276283,15,658.37,61590,152714,0.3056001222400489,0
2023-07-28 12:21:15,656.45,276283,15,658.37,61581,152714,0.3056001222400489,0
2023-07-28 12:21:15,657.2,276283,6,658.37,61581,152714,0.4202001680800672,0
2023-07-28 12:21:20,657.2,276481,6,658.37,61520,152465,0.4202001680800672,0
2023-07-28 12:21:20,657.0,276481,150,658.37,61520,152465,0.3896401558560554,0
2023-07-28 12:21:27,657.0,276631,150,658.37,61519,152511,0.3896401558560554,0
2023-07-28 12:21:27,657.0,276631,150,658.37,61519,152511,0.3896401558560554,0
2023-07-28 12:21:27,657.0,276631,150,658.37,61520,152511,0.3896401558560554,0
2023-07-28 12:21:40,657.0,276633,2,658.37,61563,152511,0.3896401558560554,0
2023-07-28 12:21:40,657.0,276633,2,658.37,61563,152511,0.3896401558560554,0
2023-07-28 12:21:40,657.2,276633,2,658.37,61563,152511,0.4202001680800672,0
2023-07-28 12:21:45,657.0,276638,3,658.37,61515,152593,0.3896401558560554,0
2023-07-28 12:21:45,657.0,276638,3,658.37,61326,152605,0.3896401558560554,0
2023-07-28 12:21:45,657.0,276638,3,658.37,61279,152605,0.3896401558560554,0
2023-07-28 12:21:45,656.5,276638,6,658.37,61279,152605,0.31324012529604317,0
2023-07-28 12:21:51,656.5,276672,6,658.37,61371,152605,0.31324012529604317,0
2023-07-28 12:21:51,657.0,276672,5,658.37,61371,152605,0.3896401558560554,0
2023-07-28 12:21:55,656.7,276687,5,658.37,61337,152600,0.343800137520055,0
2023-07-28 12:21:55,656.7,276687,5,658.37,61337,152600,0.343800137520055,0
2023-07-28 12:21:55,656.7,276687,5,658.37,61360,152600,0.343800137520055,0
2023-07-28 12:21:55,656.7,276687,5,658.37,61361,152600,0.343800137520055,0
2023-07-28 12:21:55,656.7,276687,5,658.37,61397,152600,0.343800137520055,0
2023-07-28 12:21:55,657.0,276687,10,658.37,61397,152600,0.3896401558560554,0
2023-07-28 12:22:09,657.0,276697,10,658.37,61470,152590,0.3896401558560554,0
2023-07-28 12:22:09,657.0,276697,10,658.37,61479,152590,0.3896401558560554,0
2023-07-28 12:22:13,657.0,276704,7,658.37,61619,152460,0.3896401558560554,0
2023-07-28 12:22:13,657.55,276704,15,658.37,61619,152460,0.47368018947206186,0
2023-07-28 12:22:15,657.55,276804,15,658.37,61700,152434,0.47368018947206186,0
2023-07-28 12:22:15,657.0,276804,10,658.37,61700,152434,0.3896401558560554,0
2023-07-28 12:22:22,657.0,276814,10,658.37,61621,152455,0.3896401558560554,0
2023-07-28 12:22:22,657.4,276814,2,658.37,61621,152455,0.4507601803040617,0
2023-07-28 12:22:22,657.0,276814,9,658.37,61621,152455,0.3896401558560554,0
2023-07-28 12:22:29,657.0,276825,9,658.37,61626,152528,0.3896401558560554,0
2023-07-28 12:22:29,657.0,276825,9,658.37,61627,152528,0.3896401558560554,0
2023-07-28 12:22:29,657.0,276825,9,658.37,61577,152528,0.3896401558560554,0
2023-07-28 12:22:38,657.4,276860,21,658.37,61851,152464,0.4507601803040617,0
2023-07-28 12:22:38,657.4,276860,21,658.37,61851,152409,0.4507601803040617,0
2023-07-28 12:22:38,657.4,276860,29,658.37,61851,152409,0.4507601803040617,0
2023-07-28 12:22:41,657.4,276889,29,658.37,61917,152304,0.4507601803040617,0
2023-07-28 12:22:41,657.05,276889,44,658.37,61917,152304,0.39728015891204965,0
2023-07-28 12:22:41,657.6,276889,5,658.37,61917,152304,0.4813201925280735,0
2023-07-28 12:22:41,657.2,276889,2,658.37,61917,152304,0.4202001680800672,0
2023-07-28 12:22:47,657.2,276981,2,658.37,61842,152457,0.4202001680800672,0
2023-07-28 12:22:51,657.25,277286,1,658.37,62309,152275,0.4278401711360615,0
2023-07-28 12:22:51,657.25,277286,1,658.37,61984,152481,0.4278401711360615,0
2023-07-28 12:22:51,657.25,277286,1,658.37,62024,152481,0.4278401711360615,0
2023-07-28 12:22:51,657.75,277286,20,658.37,62024,152481,0.5042402016960736,0
2023-07-28 12:22:56,657.15,277336,7,658.37,62133,152327,0.41256016502405557,0
2023-07-28 12:22:58,657.15,277343,7,658.37,62110,152327,0.41256016502405557,0
2023-07-28 12:22:58,657.7,277343,6,658.37,62110,152327,0.4966001986400794,0
2023-07-28 12:22:58,657.15,277343,10,658.37,62110,152327,0.41256016502405557,0
2023-07-28 12:23:03,657.15,277359,10,658.37,62119,152705,0.41256016502405557,0
2023-07-28 12:23:03,657.15,277359,10,658.37,62039,152707,0.41256016502405557,0
2023-07-28 12:23:03,657.15,277359,18,658.37,62039,152752,0.41256016502405557,0
2023-07-28 12:23:03,657.75,277359,4,658.37,62039,152752,0.5042402016960736,0
2023-07-28 12:23:13,657.75,277386,4,658.37,62021,152743,0.5042402016960736,0
2023-07-28 12:23:13,657.75,277386,4,658.37,62021,152743,0.5042402016960736,0
2023-07-28 12:23:13,657.75,277386,4,658.37,62067,152697,0.5042402016960736,0
2023-07-28 12:23:13,657.75,277386,4,658.37,62122,152697,0.5042402016960736,0
2023-07-28 12:23:13,657.7,277386,10,658.37,62122,152697,0.4966001986400794,0
2023-07-28 12:23:26,657.7,277396,10,658.37,62127,152687,0.4966001986400794,0
2023-07-28 12:23:26,657.7,277396,10,658.37,62216,152777,0.4966001986400794,0
2023-07-28 12:23:26,657.7,277396,10,658.37,62196,152777,0.4966001986400794,0
2023-07-28 12:23:26,657.7,277396,10,658.37,62324,152751,0.4966001986400794,0
2023-07-28 12:23:26,657.7,277396,10,658.37,62294,152751,0.4966001986400794,0
2023-07-28 12:23:26,657.7,277396,10,658.37,62293,152657,0.4966001986400794,0
2023-07-28 12:23:26,657.7,277396,10,658.37,62293,152612,0.4966001986400794,0
2023-07-28 12:23:26,657.7,277396,5,658.37,62293,152612,0.4966001986400794,0
2023-07-28 12:23:59,657.6,277402,1,658.37,62406,152651,0.4813201925280735,0
2023-07-28 12:23:59,657.85,277402,1,658.37,62406,152651,0.5195202078080796,0
2023-07-28 12:24:01,657.85,277403,1,658.37,62405,152651,0.5195202078080796,0
2023-07-28 12:24:01,657.85,277403,1,658.37,62405,152651,0.5195202078080796,0
2023-07-28 12:24:05,657.85,277404,1,658.37,62368,152651,0.5195202078080796,0
2023-07-28 12:24:05,657.85,277404,1,658.37,62469,152651,0.5195202078080796,0
2023-07-28 12:24:05,657.7,277404,100,658.37,62469,152651,0.4966001986400794,0
2023-07-28 12:24:13,657.7,277504,100,658.37,62372,152651,0.4966001986400794,0
2023-07-28 12:24:13,657.85,277504,1,658.37,62372,152651,0.5195202078080796,0
2023-07-28 12:24:22,657.85,277505,1,658.37,62372,152646,0.5195202078080796,0
2023-07-28 12:24:22,657.85,277505,1,658.37,62322,152651,0.5195202078080796,0
2023-07-28 12:24:22,657.85,277505,1,658.37,62372,152651,0.5195202078080796,0
2023-07-28 12:24:22,658.15,277505,39,658.37,62372,152651,0.56536022614408,0
2023-07-28 12:24:22,657.6,277505,1,658.37,62372,152651,0.4813201925280735,0
2023-07-28 12:24:28,657.6,277800,1,658.37,62378,152459,0.4813201925280735,0
2023-07-28 12:24:31,657.85,277803,3,658.37,62418,152241,0.5195202078080796,0
2023-07-28 12:24:31,657.85,277803,3,658.37,62495,152345,0.5195202078080796,0
2023-07-28 12:24:31,657.85,277803,3,658.37,62255,152325,0.5195202078080796,0
2023-07-28 12:24:31,657.85,277803,3,658.37,62259,152325,0.5195202078080796,0
2023-07-28 12:24:31,657.85,277803,5,658.37,62259,152325,0.5195202078080796,0
2023-07-28 12:24:47,658.15,277824,1,658.37,62175,152220,0.56536022614408,0
2023-07-28 12:24:47,657.65,277824,33,658.37,62175,152220,0.4889601955840678,0
2023-07-28 12:24:47,657.85,277824,1,658.37,62175,152220,0.5195202078080796,0
2023-07-28 12:24:49,657.85,277887,1,658.36,62143,152438,0.5195202078080796,0
2023-07-28 12:24:49,657.85,277887,1,658.36,62143,152438,0.5195202078080796,0
2023-07-28 12:24:55,657.85,278054,1,658.36,62095,152362,0.5195202078080796,0
2023-07-28 12:24:55,657.6,278054,1,658.36,62095,152362,0.4813201925280735,0
2023-07-28 12:24:57,657.6,278089,1,658.36,61865,152957,0.4813201925280735,0
2023-07-28 12:24:57,657.2,278089,12,658.36,61865,152957,0.4202001680800672,0
2023-07-28 12:25:03,657.2,278109,12,658.36,61790,153056,0.4202001680800672,0
2023-07-28 12:25:03,657.2,278109,6,658.36,61790,153056,0.4202001680800672,0
2023-07-28 12:25:05,657.2,278119,6,658.36,61779,153053,0.4202001680800672,0
2023-07-28 12:25:05,657.2,278119,6,658.36,61789,153053,0.4202001680800672,0
2023-07-28 12:25:11,657.0,278277,4,658.36,61365,153813,0.3896401558560554,0
2023-07-28 12:25:11,657.0,278277,4,658.36,61458,153873,0.3896401558560554,0
2023-07-28 12:25:11,657.0,278277,80,658.36,61458,153873,0.3896401558560554,0
2023-07-28 12:25:16,657.0,278362,80,658.36,61488,153848,0.3896401558560554,0
2023-07-28 12:25:16,657.0,278362,40,658.36,61488,153848,0.3896401558560554,0
2023-07-28 12:25:16,657.0,278402,40,658.36,61415,153593,0.3896401558560554,0
2023-07-28 12:25:16,657.0,278402,40,658.36,61415,153643,0.3896401558560554,0
2023-07-28 12:25:16,657.0,278402,40,658.36,61482,153653,0.3896401558560554,0
2023-07-28 12:25:16,656.5,278402,3,658.36,61482,153653,0.31324012529604317,0
2023-07-28 12:25:28,656.5,278723,3,658.36,61601,153634,0.31324012529604317,0
2023-07-28 12:25:30,656.5,278724,1,658.36,61572,153453,0.31324012529604317,0
2023-07-28 12:25:30,656.15,278724,218,658.36,61572,153453,0.25976010390403115,0
2023-07-28 12:25:31,656.15,279406,218,658.36,61052,154066,0.25976010390403115,0
2023-07-28 12:25:40,656.75,279408,2,658.36,61124,153965,0.3514401405760493,0
2023-07-28 12:25:40,656.3,279408,3,658.36,61124,153965,0.28268011307203134,0
2023-07-28 12:25:41,656.3,279411,3,658.36,61121,153910,0.28268011307203134,0
2023-07-28 12:25:41,656.8,279411,1,658.36,61121,153910,0.35908014363204355,0
2023-07-28 12:25:41,656.8,279411,2,658.36,61121,153910,0.35908014363204355,0
2023-07-28 12:25:45,656.8,279414,2,658.36,61214,153844,0.35908014363204355,0
2023-07-28 12:25:47,656.25,279460,10,658.36,61211,153735,0.27504011001603706,0
2023-07-28 12:25:47,656.3,279460,1,658.36,61232,153735,0.28268011307203134,0
2023-07-28 12:25:50,656.3,279461,1,658.36,61231,153690,0.28268011307203134,0
2023-07-28 12:25:50,656.3,279461,8,658.36,61231,153690,0.28268011307203134,0
2023-07-28 12:25:55,656.3,279469,8,658.36,61223,153695,0.28268011307203134,0
2023-07-28 12:25:55,656.3,279469,8,658.36,61223,153713,0.28268011307203134,0
2023-07-28 12:25:55,656.8,279469,1,658.36,61223,153713,0.35908014363204355,0
2023-07-28 12:25:59,656.8,279470,1,658.36,61223,153812,0.35908014363204355,0
2023-07-28 12:25:59,656.25,279470,1,658.36,61223,153812,0.27504011001603706,0
2023-07-28 12:26:03,656.25,279477,1,658.36,61319,153897,0.27504011001603706,0
2023-07-28 12:26:03,656.25,279477,1,658.36,61319,153897,0.27504011001603706,0
2023-07-28 12:26:03,656.8,279477,12,658.36,61319,153897,0.35908014363204355,0
2023-07-28 12:26:09,656.8,279503,1,658.36,61321,153871,0.35908014363204355,0
2023-07-28 12:26:09,656.8,279503,1,658.36,61321,153861,0.35908014363204355,0
2023-07-28 12:26:09,656.8,279503,1,658.36,61321,153861,0.35908014363204355,0
2023-07-28 12:26:12,656.8,279504,1,658.36,61321,153860,0.35908014363204355,0
2023-07-28 12:26:12,656.8,279504,1,658.36,61204,153660,0.35908014363204355,0
2023-07-28 12:26:12,656.8,279504,1,658.36,61206,153660,0.35908014363204355,0
2023-07-28 12:26:12,656.3,279504,10,658.36,61206,153660,0.28268011307203134,0
2023-07-28 12:26:12,656.8,279504,1,658.36,61206,153660,0.35908014363204355,0
2023-07-28 12:26:19,656.8,279515,1,658.35,61198,153659,0.35908014363204355,0
2023-07-28 12:26:19,656.8,279515,1,658.35,61198,153739,0.35908014363204355,0
2023-07-28 12:26:19,656.8,279515,1,658.35,61198,153789,0.35908014363204355,0
2023-07-28 12:26:19,656.8,279515,1,658.35,61198,153789,0.35908014363204355,0
2023-07-28 12:26:28,656.8,279516,1,658.35,61202,153788,0.35908014363204355,0
2023-07-28 12:26:28,656.25,279516,16,658.35,61202,153788,0.27504011001603706,0
2023-07-28 12:26:32,656.25,279615,16,658.35,61081,154569,0.27504011001603706,0
2023-07-28 12:26:35,656.0,280236,39,658.35,60245,154543,0.23684009473603093,0
2023-07-28 12:26:35,656.25,280236,1,658.35,60245,154543,0.27504011001603706,0
2023-07-28 12:26:37,656.25,280237,1,658.35,60283,154627,0.27504011001603706,0
2023-07-28 12:26:37,656.25,280237,5,658.35,60283,154627,0.27504011001603706,0
2023-07-28 12:26:39,656.25,280242,5,658.35,60280,154622,0.27504011001603706,0
2023-07-28 12:26:39,656.25,280242,5,658.35,60280,154652,0.27504011001603706,0
2023-07-28 12:26:43,656.0,280244,2,658.35,60278,154652,0.23684009473603093,0
2023-07-28 12:26:43,656.0,280244,2,658.35,60150,154652,0.23684009473603093,0
2023-07-28 12:26:43,656.25,280244,1,658.35,60150,154652,0.27504011001603706,0
2023-07-28 12:26:47,656.25,280245,1,658.35,60151,154651,0.27504011001603706,0
2023-07-28 12:26:47,656.25,280245,1,658.35,60230,154651,0.27504011001603706,0
2023-07-28 12:26:47,656.25,280245,2,658.35,60230,154651,0.27504011001603706,0
2023-07-28 12:26:50,656.25,280247,2,658.35,60231,154649,0.27504011001603706,0
2023-07-28 12:26:50,656.25,280247,1,658.35,60231,154649,0.27504011001603706,0
2023-07-28 12:26:56,656.25,280248,1,658.35,60232,154648,0.27504011001603706,0
2023-07-28 12:26:56,656.0,280248,3,658.35,60232,154648,0.23684009473603093,0
2023-07-28 12:27:02,656.25,280251,10,658.35,60229,154648,0.27504011001603706,0
2023-07-28 12:27:02,656.25,280261,10,658.35,60228,154603,0.27504011001603706,0
2023-07-28 12:27:06,656.25,280266,5,658.35,60228,154598,0.27504011001603706,0
2023-07-28 12:27:06,656.25,280266,5,658.35,60228,154598,0.27504011001603706,0
2023-07-28 12:27:08,656.25,280271,5,658.35,60229,154593,0.27504011001603706,0
2023-07-28 12:27:08,656.25,280271,1,658.35,60229,154593,0.27504011001603706,0
2023-07-28 12:27:10,656.25,280272,1,658.35,60228,154592,0.27504011001603706,0
2023-07-28 12:27:10,656.25,280272,1,658.35,60228,154542,0.27504011001603706,0
2023-07-28 12:27:10,656.25,280272,6,658.35,60228,154542,0.27504011001603706,0
2023-07-28 12:27:18,656.25,280278,6,658.35,60229,154536,0.27504011001603706,0
2023-07-28 12:27:18,656.25,280278,1,658.35,60229,154536,0.27504011001603706,0
2023-07-28 12:27:18,656.25,280278,40,658.35,60229,154536,0.27504011001603706,0
2023-07-28 12:27:26,656.25,280319,40,658.35,60288,154267,0.27504011001603706,0
2023-07-28 12:27:26,656.25,280319,1,658.35,60288,154267,0.27504011001603706,0
2023-07-28 12:27:29,656.25,280329,4,658.35,60320,154257,0.27504011001603706,0
2023-07-28 12:27:29,656.25,280329,5,658.35,60320,154257,0.27504011001603706,0
2023-07-28 12:27:30,656.25,280334,5,658.35,60396,154222,0.27504011001603706,0
2023-07-28 12:27:30,656.0,280334,5,658.35,60396,154222,0.23684009473603093,0
2023-07-28 12:27:32,656.0,280339,5,658.35,60391,154222,0.23684009473603093,0
2023-07-28 12:27:32,656.25,280339,9,658.35,60391,154222,0.27504011001603706,0
2023-07-28 12:27:39,656.25,280348,9,658.35,60391,154213,0.27504011001603706,0
2023-07-28 12:27:39,656.0,280348,100,658.35,60391,154213,0.23684009473603093,0
2023-07-28 12:27:43,656.0,280455,100,658.35,60208,154282,0.23684009473603093,0
2023-07-28 12:27:43,656.0,280455,4,658.35,60208,154282,0.23684009473603093,0
2023-07-28 12:27:46,656.0,280459,4,658.35,60204,154282,0.23684009473603093,0
2023-07-28 12:27:46,656.25,280459,1,658.35,60204,154282,0.27504011001603706,0
2023-07-28 12:27:46,656.55,280459,21,658.35,60204,154282,0.32088012835203744,0
2023-07-28 12:27:46,656.45,280459,17,658.35,60204,154282,0.3056001222400489,0
2023-07-28 12:27:49,656.45,281420,17,658.34,60531,153380,0.3056001222400489,0
2023-07-28 12:27:49,656.45,281420,17,658.34,60573,153326,0.3056001222400489,0
2023-07-28 12:27:49,656.45,281420,17,658.34,60570,153255,0.3056001222400489,0
2023-07-28 12:27:49,656.45,281420,17,658.34,60505,153125,0.3056001222400489,0
2023-07-28 12:28:00,656.8,281421,1,658.34,60511,153092,0.35908014363204355,0
2023-07-28 12:28:00,656.8,281421,1,658.34,60511,153192,0.35908014363204355,0
2023-07-28 12:28:00,656.8,281421,1,658.34,60511,153192,0.35908014363204355,0
2023-07-28 12:28:11,656.8,281422,1,658.34,60505,153191,0.35908014363204355,0
2023-07-28 12:28:17,656.45,281432,10,658.34,60537,153191,0.3056001222400489,0
2023-07-28 12:28:17,656.8,281432,1,658.34,60537,153191,0.35908014363204355,0
2023-07-28 12:28:21,656.8,281433,1,658.34,60614,153190,0.35908014363204355,0
2023-07-28 12:28:24,656.8,281443,10,658.34,60859,153180,0.35908014363204355,0
2023-07-28 12:28:30,656.8,281445,1,658.34,60862,153178,0.35908014363204355,0
2023-07-28 12:28:30,656.8,281445,132,658.34,60862,153178,0.35908014363204355,0
2023-07-28 12:28:32,656.8,281646,132,658.34,61097,153328,0.35908014363204355,0
2023-07-28 12:28:32,656.8,281646,132,658.34,61107,153429,0.35908014363204355,0
2023-07-28 12:28:32,656.8,281646,132,658.34,61107,153329,0.35908014363204355,0
2023-07-28 12:28:32,656.8,281646,1,658.34,61107,153329,0.35908014363204355,0
2023-07-28 12:28:42,656.8,281647,1,658.34,61098,153480,0.35908014363204355,0
2023-07-28 12:28:42,656.8,281647,1,658.34,61165,153396,0.35908014363204355,0
2023-07-28 12:28:47,656.9,281649,2,658.34,61225,153394,0.37436014974404946,0
2023-07-28 12:28:47,656.9,281649,2,658.34,60948,153550,0.37436014974404946,0
2023-07-28 12:28:47,656.9,281649,2,658.34,60948,153624,0.37436014974404946,0
2023-07-28 12:28:47,656.9,281649,2,658.34,60993,153630,0.37436014974404946,0
2023-07-28 12:28:47,656.75,281649,4,658.34,60993,153630,0.3514401405760493,0
2023-07-28 12:28:47,656.75,281649,1,658.34,60993,153630,0.3514401405760493,0
2023-07-28 12:28:57,656.75,281660,1,658.34,61003,153696,0.3514401405760493,0
2023-07-28 12:28:57,656.75,281660,1,658.34,60993,153692,0.3514401405760493,0
2023-07-28 12:28:57,656.75,281660,1,658.34,60993,153692,0.3514401405760493,0
2023-07-28 12:29:07,656.75,281661,1,658.34,61306,153692,0.3514401405760493,0
2023-07-28 12:29:07,656.75,281661,1,658.34,61620,153545,0.3514401405760493,0
2023-07-28 12:29:14,656.75,281662,1,658.34,61592,153544,0.3514401405760493,0
2023-07-28 12:29:14,656.75,281662,1,658.34,61592,153544,0.3514401405760493,0
2023-07-28 12:29:15,656.75,281668,1,658.34,61591,153538,0.3514401405760493,0
2023-07-28 12:29:16,656.75,281669,1,658.34,61591,153677,0.3514401405760493,0
2023-07-28 12:29:16,656.75,281669,3,658.34,61591,153677,0.3514401405760493,0
2023-07-28 12:29:21,656.75,281672,3,658.34,61814,153534,0.3514401405760493,0
2023-07-28 12:29:21,656.75,281672,3,658.34,61815,153534,0.3514401405760493,0
2023-07-28 12:29:21,656.75,281672,3,658.34,61803,153565,0.3514401405760493,0
2023-07-28 12:29:21,656.8,281672,1,658.34,61803,153565,0.35908014363204355,0
2023-07-28 12:29:28,656.8,281673,1,658.34,61808,153724,0.35908014363204355,0
2023-07-28 12:29:31,656.75,281677,4,658.34,61804,153724,0.3514401405760493,0
2023-07-28 12:29:31,656.75,281677,4,658.34,61574,153684,0.3514401405760493,0
2023-07-28 12:29:38,656.8,281693,16,658.34,61574,153668,0.35908014363204355,0
2023-07-28 12:29:38,656.8,281693,16,658.34,61564,153668,0.35908014363204355,0
2023-07-28 12:29:38,656.8,281693,1,658.34,61564,153668,0.35908014363204355,0
2023-07-28 12:29:55,656.8,281694,1,658.34,61564,153667,0.35908014363204355,0
2023-07-28 12:29:55,656.8,281694,1,658.34,61514,153677,0.35908014363204355,0
2023-07-28 12:29:55,656.75,281694,16,658.34,61514,153677,0.3514401405760493,0
2023-07-28 12:30:07,656.75,281710,16,658.34,61542,153677,0.3514401405760493,0
2023-07-28 12:30:07,656.7,281710,1,658.34,61542,153677,0.343800137520055,0
2023-07-28 12:30:09,656.7,281711,1,658.34,61379,153638,0.343800137520055,0
2023-07-28 12:30:09,656.7,281711,1,658.34,61433,153626,0.343800137520055,0
2023-07-28 12:30:09,656.7,281711,1,658.34,61437,153551,0.343800137520055,0
2023-07-28 12:30:09,656.75,281711,2,658.34,61437,153551,0.3514401405760493,0
2023-07-28 12:30:18,656.75,281713,2,658.34,61332,153519,0.3514401405760493,0
2023-07-28 12:30:18,656.75,281713,2,658.34,61184,153645,0.3514401405760493,0
2023-07-28 12:30:31,656.8,281743,10,658.34,61326,153668,0.35908014363204355,0
2023-07-28 12:30:31,656.8,281743,10,658.34,61331,153658,0.35908014363204355,0
2023-07-28 12:30:31,656.8,281743,10,658.34,61331,153705,0.35908014363204355,0
2023-07-28 12:30:31,656.8,281743,10,658.34,61431,153705,0.35908014363204355,0
2023-07-28 12:30:31,656.8,281743,10,658.34,61431,153705,0.35908014363204355,0
2023-07-28 12:30:51,656.8,281753,10,658.34,61431,153695,0.35908014363204355,0
2023-07-28 12:30:51,656.8,281753,2,658.34,61431,153695,0.35908014363204355,0
2023-07-28 12:30:52,656.8,281755,2,658.34,61548,153575,0.35908014363204355,0
2023-07-28 12:30:52,656.8,281755,2,658.34,61514,153542,0.35908014363204355,0
2023-07-28 12:30:52,656.95,281755,10,658.34,61514,153542,0.3820001528000611,0
2023-07-28 12:31:01,656.95,281765,10,658.34,61514,153532,0.3820001528000611,0
2023-07-28 12:31:01,656.95,281765,10,658.34,61477,153532,0.3820001528000611,0
2023-07-28 12:31:01,656.95,281765,10,658.34,60977,153532,0.3820001528000611,0
2023-07-28 12:31:01,656.95,281765,10,658.34,60982,153579,0.3820001528000611,0
2023-07-28 12:31:01,656.95,281765,10,658.34,60982,153579,0.3820001528000611,0
2023-07-28 12:31:01,656.95,281765,10,658.34,60982,153544,0.3820001528000611,0
2023-07-28 12:31:01,656.95,281765,2,658.34,60982,153544,0.3820001528000611,0
2023-07-28 12:31:18,656.95,281767,2,658.34,61001,153542,0.3820001528000611,0
2023-07-28 12:31:18,656.95,281767,2,658.34,61001,153537,0.3820001528000611,0
2023-07-28 12:31:24,656.5,281788,21,658.34,60760,153873,0.31324012529604317,0
2023-07-28 12:31:24,656.15,281788,2,658.34,60760,153873,0.25976010390403115,0
2023-07-28 12:31:26,656.15,281817,2,658.34,60710,153962,0.25976010390403115,0
2023-07-28 12:31:29,656.75,281819,2,658.34,60710,153960,0.3514401405760493,0
2023-07-28 12:31:29,656.75,281819,1,658.34,60710,153960,0.3514401405760493,0
2023-07-28 12:31:36,656.25,281820,2,658.34,60742,153995,0.27504011001603706,0
2023-07-28 12:31:38,656.25,281822,2,658.34,60715,154022,0.27504011001603706,0
2023-07-28 12:31:43,656.2,281845,5,658.34,60692,154022,0.26740010696004274,0
2023-07-28 12:31:43,656.2,281845,5,658.34,60697,154022,0.26740010696004274,0
2023-07-28 12:31:43,656.1,281845,25,658.34,60697,154022,0.2521201008480368,0
2023-07-28 12:31:49,656.1,281945,25,658.34,60535,154032,0.2521201008480368,0
2023-07-28 12:31:49,656.1,281945,25,658.34,60535,154022,0.2521201008480368,0
2023-07-28 12:31:49,656.15,281945,3,658.34,60535,154022,0.25976010390403115,0
2023-07-28 12:31:54,656.15,281950,3,658.34,60548,154022,0.25976010390403115,0
2023-07-28 12:31:54,656.15,281950,3,658.34,60301,154072,0.25976010390403115,0
2023-07-28 12:31:54,656.15,281950,3,658.34,60301,154112,0.25976010390403115,0
2023-07-28 12:31:54,656.15,281950,3,658.34,60301,154112,0.25976010390403115,0
2023-07-28 12:31:54,656.15,281950,2,658.34,60301,154157,0.25976010390403115,0
2023-07-28 12:31:54,656.5,281950,3,658.34,60301,154157,0.31324012529604317,0
2023-07-28 12:32:14,656.5,281955,3,658.34,60299,154154,0.31324012529604317,0
2023-07-28 12:32:16,656.5,281960,5,658.34,60295,154149,0.31324012529604317,0
2023-07-28 12:32:16,656.15,281960,10,658.34,60295,154149,0.25976010390403115,0
2023-07-28 12:32:16,656.5,281960,1,658.34,60295,154149,0.31324012529604317,0
2023-07-28 12:32:18,656.5,281971,1,658.34,60364,154233,0.31324012529604317,0
2023-07-28 12:32:18,656.5,281971,1,658.34,60407,154223,0.31324012529604317,0
2023-07-28 12:32:18,656.65,281971,3,658.34,60407,154223,0.33616013446404336,0
2023-07-28 12:32:27,656.65,282021,3,658.34,60450,153895,0.33616013446404336,0
2023-07-28 12:32:27,656.65,282021,3,658.34,60450,154195,0.33616013446404336,0
2023-07-28 12:32:27,656.65,282021,3,658.34,60451,154195,0.33616013446404336,0
2023-07-28 12:32:36,656.65,282022,1,658.34,60503,154229,0.33616013446404336,0
2023-07-28 12:32:39,656.65,282027,5,658.34,60505,154259,0.33616013446404336,0
2023-07-28 12:32:39,656.7,282027,7,658.34,60505,154259,0.343800137520055,0
2023-07-28 12:32:40,656.7,282049,7,658.34,60754,154376,0.343800137520055,0
2023-07-28 12:32:40,656.15,282049,6,658.34,60754,154376,0.25976010390403115,0
2023-07-28 12:32:47,656.15,282058,6,658.34,60728,154376,0.25976010390403115,0
2023-07-28 12:32:47,656.15,282058,6,658.34,60730,154376,0.25976010390403115,0
2023-07-28 12:32:47,656.15,282058,6,658.34,60730,154387,0.25976010390403115,0
2023-07-28 12:32:47,656.15,282058,6,658.34,60730,154217,0.25976010390403115,0
2023-07-28 12:32:47,656.0,282058,94,658.34,60730,154217,0.23684009473603093,0
2023-07-28 12:33:02,656.0,282222,94,658.33,60242,154561,0.23684009473603093,0
2023-07-28 12:33:02,656.0,282222,94,658.33,60287,154562,0.23684009473603093,0
2023-07-28 12:33:02,656.0,282222,253,658.33,60287,154562,0.23684009473603093,0
2023-07-28 12:33:07,656.0,282624,253,658.33,60288,154560,0.23684009473603093,0
2023-07-28 12:33:07,656.15,282624,238,658.33,60288,154560,0.25976010390403115,0
2023-07-28 12:33:10,656.15,282882,238,658.33,60390,154164,0.25976010390403115,0
2023-07-28 12:33:10,656.6,282882,4,658.33,60390,154164,0.3285201314080491,0
2023-07-28 12:33:11,656.6,282886,4,658.33,60396,154160,0.3285201314080491,0
2023-07-28 12:33:15,656.6,282908,22,658.33,60858,153879,0.3285201314080491,0
2023-07-28 12:33:18,656.15,283008,14,658.33,61126,153978,0.25976010390403115,0
2023-07-28 12:33:18,656.1,283008,10,658.33,61126,153978,0.2521201008480368,0
2023-07-28 12:33:19,656.1,283058,10,658.33,61069,153978,0.2521201008480368,0
2023-07-28 12:33:19,656.1,283058,10,658.33,61097,153978,0.2521201008480368,0
2023-07-28 12:33:19,656.15,283058,3,658.33,61097,153978,0.25976010390403115,0
2023-07-28 12:33:23,656.15,283061,3,658.33,61110,153978,0.25976010390403115,0
2023-07-28 12:33:23,656.7,283061,1,658.33,61110,153978,0.343800137520055,0
2023-07-28 12:33:26,656.8,283167,14,658.33,61597,153785,0.35908014363204355,0
2023-07-28 12:33:26,656.85,283167,40,658.33,61597,153785,0.3667201466880552,0
2023-07-28 12:33:27,656.85,283207,40,658.33,61600,153766,0.3667201466880552,0
2023-07-28 12:33:27,656.85,283207,40,658.33,61650,153623,0.3667201466880552,0
2023-07-28 12:33:27,656.8,283207,16,658.33,61650,153623,0.35908014363204355,0
2023-07-28 12:33:34,656.8,283224,16,658.33,61581,153724,0.35908014363204355,0
2023-07-28 12:33:34,656.8,283224,16,658.33,61698,153724,0.35908014363204355,0
2023-07-28 12:33:34,656.8,283224,16,658.33,61703,153724,0.35908014363204355,0
2023-07-28 12:33:43,656.55,283299,75,658.33,61749,153740,0.32088012835203744,0
2023-07-28 12:33:43,656.9,283299,1,658.33,61749,153740,0.37436014974404946,0
2023-07-28 12:33:47,656.9,283300,1,658.33,61749,153739,0.37436014974404946,0
2023-07-28 12:33:47,656.9,283300,1,658.33,61761,153739,0.37436014974404946,0
2023-07-28 12:33:47,656.9,283300,1,658.33,61726,153801,0.37436014974404946,0
2023-07-28 12:33:47,656.9,283300,1,658.33,61550,153801,0.37436014974404946,0
2023-07-28 12:33:47,656.9,283300,1,658.33,61592,153830,0.37436014974404946,0
2023-07-28 12:33:47,656.9,283300,1,658.33,61623,153840,0.37436014974404946,0
2023-07-28 12:34:07,656.7,283301,1,658.33,61376,154022,0.343800137520055,0
2023-07-28 12:34:07,656.85,283301,1,658.33,61376,154022,0.3667201466880552,0
2023-07-28 12:34:09,656.85,283302,1,658.33,61481,154058,0.3667201466880552,0
2023-07-28 12:34:09,656.85,283302,1,658.33,61597,154032,0.3667201466880552,0
2023-07-28 12:34:09,656.0,283302,1,658.33,61597,154032,0.23684009473603093,0
2023-07-28 12:34:15,656.0,287836,1,658.29,59142,154558,0.23684009473603093,0
2023-07-28 12:34:15,656.0,287836,1,658.29,59172,154713,0.23684009473603093,0
2023-07-28 12:34:15,656.25,287836,5,658.29,59172,154713,0.27504011001603706,0
2023-07-28 12:34:19,656.25,287861,5,658.29,59119,155086,0.27504011001603706,0
2023-07-28 12:34:22,655.8,287891,5,658.29,59066,155001,0.2062800825120191,0
2023-07-28 12:34:22,656.2,287891,8,658.29,59066,155001,0.26740010696004274,0
2023-07-28 12:34:23,656.2,287902,8,658.29,59205,154970,0.26740010696004274,0
2023-07-28 12:34:23,656.2,287902,8,658.29,59206,154970,0.26740010696004274,0
2023-07-28 12:34:23,656.2,287902,8,658.29,59247,154854,0.26740010696004274,0
2023-07-28 12:34:23,656.3,287902,1,658.29,59247,154854,0.28268011307203134,0
2023-07-28 12:34:23,655.75,287902,14,658.29,59247,154854,0.19864007945602483,0
2023-07-28 12:34:31,655.75,287928,14,658.29,59377,155064,0.19864007945602483,0
2023-07-28 12:34:31,655.75,287928,14,658.29,59397,155064,0.19864007945602483,0
2023-07-28 12:34:31,655.75,287928,14,658.29,59318,154879,0.19864007945602483,0
2023-07-28 12:34:31,656.3,287928,9,658.29,59318,154879,0.28268011307203134,0
2023-07-28 12:34:38,656.3,287937,9,658.29,59358,154731,0.28268011307203134,0
2023-07-28 12:34:38,656.3,287937,9,658.29,59444,154731,0.28268011307203134,0
2023-07-28 12:34:38,655.95,287937,5,658.29,59444,154731,0.22920009168003666,0
2023-07-28 12:34:38,655.95,287937,25,658.29,59444,154731,0.22920009168003666,0
2023-07-28 12:34:43,655.95,287967,25,658.29,59350,154815,0.22920009168003666,0
2023-07-28 12:34:43,655.9,287967,20,658.29,59295,154815,0.22156008862402501,0
2023-07-28 12:34:43,655.8,287967,1,658.29,59295,154815,0.2062800825120191,0
2023-07-28 12:34:48,655.8,287988,1,658.29,59294,154908,0.2062800825120191,0
2023-07-28 12:34:48,655.8,287988,1,658.29,59359,154908,0.2062800825120191,0
2023-07-28 12:34:48,656.3,287988,39,658.29,59403,154908,0.28268011307203134,0
2023-07-28 12:34:54,656.3,288043,39,658.29,59530,154389,0.28268011307203134,0
2023-07-28 12:34:54,656.3,288043,39,658.29,59530,154459,0.28268011307203134,0
2023-07-28 12:34:54,656.2,288043,1,658.29,59530,154459,0.26740010696004274,0
2023-07-28 12:35:01,656.2,288647,1,658.28,59405,154627,0.26740010696004274,0
2023-07-28 12:35:01,656.3,288647,1,658.28,59405,154627,0.28268011307203134,0
2023-07-28 12:35:05,656.3,288703,1,658.28,59517,154878,0.28268011307203134,0
2023-07-28 12:35:09,656.2,288706,3,658.28,59626,154955,0.26740010696004274,0
2023-07-28 12:35:09,656.2,288706,3,658.28,59626,154985,0.26740010696004274,0
2023-07-28 12:35:09,656.2,288706,3,658.28,59626,155235,0.26740010696004274,0
2023-07-28 12:35:09,656.2,288706,3,658.28,59651,155315,0.26740010696004274,0
2023-07-28 12:35:09,656.2,288706,3,658.28,59663,155315,0.26740010696004274,0
2023-07-28 12:35:22,655.8,288707,1,658.28,59663,155389,0.2062800825120191,0
2023-07-28 12:35:22,656.2,288707,16,658.28,59599,155389,0.26740010696004274,0
2023-07-28 12:35:22,656.3,288707,2,658.28,59599,155389,0.28268011307203134,0
2023-07-28 12:35:22,655.55,288707,10,658.28,59599,155389,0.168080067232013,0
2023-07-28 12:35:31,656.2,289022,16,658.28,59393,155143,0.26740010696004274,0
2023-07-28 12:35:31,656.2,289022,16,658.28,59527,154947,0.26740010696004274,0
2023-07-28 12:35:31,656.2,289022,16,658.28,59463,154947,0.26740010696004274,0
2023-07-28 12:35:31,656.2,289022,30,658.28,59463,154947,0.26740010696004274,0
2023-07-28 12:35:43,656.2,289052,30,658.28,59601,154989,0.26740010696004274,0
2023-07-28 12:35:43,656.2,289052,10,658.28,59601,154989,0.26740010696004274,0
2023-07-28 12:35:47,656.2,289062,10,658.28,59634,154989,0.26740010696004274,0
2023-07-28 12:35:47,656.2,289062,10,658.28,59634,155009,0.26740010696004274,0
2023-07-28 12:35:47,656.2,289062,10,658.28,59463,155009,0.26740010696004274,0
2023-07-28 12:35:47,656.2,289062,10,658.28,59488,155009,0.26740010696004274,0
2023-07-28 12:36:01,656.0,289091,9,658.28,59565,154698,0.23684009473603093,0
2023-07-28 12:36:01,656.0,289091,9,658.28,59574,154614,0.23684009473603093,0
2023-07-28 12:36:01,656.3,289091,5,658.28,59574,154614,0.28268011307203134,0
2023-07-28 12:36:05,656.3,289096,5,658.28,59574,154609,0.28268011307203134,0
2023-07-28 12:36:05,656.3,289096,5,658.28,59574,154672,0.28268011307203134,0
2023-07-28 12:36:05,656.3,289096,43,658.28,59574,154672,0.28268011307203134,0
2023-07-28 12:36:09,656.3,289239,43,658.28,59577,154413,0.28268011307203134,0
2023-07-28 12:36:09,656.3,289239,43,658.28,59454,154283,0.28268011307203134,0
2023-07-28 12:36:09,656.0,289239,256,658.28,59454,154283,0.23684009473603093,0
2023-07-28 12:36:20,656.0,289539,256,658.27,59197,154637,0.23684009473603093,0
2023-07-28 12:36:20,656.0,289539,11,658.27,59197,154637,0.23684009473603093,0
2023-07-28 12:36:22,656.0,289550,11,658.27,59186,154637,0.23684009473603093,0
2023-07-28 12:36:22,656.0,289550,11,658.27,59186,154813,0.23684009473603093,0
2023-07-28 12:36:27,656.3,289600,40,658.27,59186,154763,0.28268011307203134,0
2023-07-28 12:36:27,656.3,289600,40,658.27,57791,154763,0.28268011307203134,0
2023-07-28 12:36:27,656.3,289600,40,658.27,57791,154763,0.28268011307203134,0
2023-07-28 12:36:27,656.3,289600,40,658.27,58791,154852,0.28268011307203134,0
2023-07-28 12:36:27,656.3,289600,40,658.27,58763,154616,0.28268011307203134,0
2023-07-28 12:36:27,656.3,289600,18,658.27,58763,154616,0.28268011307203134,0
2023-07-28 12:36:44,656.3,289618,18,658.27,58763,154596,0.28268011307203134,0
2023-07-28 12:36:44,656.0,289618,1,658.27,58763,154596,0.23684009473603093,0
2023-07-28 12:36:48,656.3,289623,10,658.27,58758,154676,0.28268011307203134,0
2023-07-28 12:36:48,656.0,289623,9,658.27,58758,154676,0.23684009473603093,0
2023-07-28 12:36:50,656.0,289642,9,658.27,58798,154636,0.23684009473603093,0
2023-07-28 12:36:50,656.0,289642,9,658.27,58808,154636,0.23684009473603093,0
2023-07-28 12:36:50,656.0,289642,9,658.27,58778,154636,0.23684009473603093,0
2023-07-28 12:36:50,656.0,289642,2,658.27,58778,154601,0.23684009473603093,0
2023-07-28 12:37:03,656.0,289644,2,658.27,58776,154601,0.23684009473603093,0
2023-07-28 12:37:07,655.9,289694,4,658.27,58234,154998,0.22156008862402501,0
2023-07-28 12:37:07,655.9,289694,4,658.27,58884,154801,0.22156008862402501,0
2023-07-28 12:37:07,655.9,289694,4,658.27,58954,154778,0.22156008862402501,0
2023-07-28 12:37:07,656.3,289694,2,658.27,58954,154778,0.28268011307203134,0
2023-07-28 12:37:16,656.3,289696,2,658.27,58985,154776,0.28268011307203134,0
2023-07-28 12:37:16,656.2,289696,14,658.27,58985,154776,0.26740010696004274,0
2023-07-28 12:37:20,656.2,289710,14,658.27,58971,154776,0.26740010696004274,0
2023-07-28 12:37:20,656.3,289710,2,658.27,58971,154776,0.28268011307203134,0
2023-07-28 12:37:24,656.3,289712,2,658.27,58971,154804,0.28268011307203134,0
2023-07-28 12:37:24,656.3,289712,2,658.27,58973,154651,0.28268011307203134,0
2023-07-28 12:37:37,656.3,289732,20,658.27,58973,154599,0.28268011307203134,0
2023-07-28 12:37:37,656.3,289732,20,658.27,58973,154590,0.28268011307203134,0
2023-07-28 12:37:37,656.3,289732,20,658.27,58987,154590,0.28268011307203134,0
2023-07-28 12:37:37,656.2,289732,20,658.27,58987,154590,0.26740010696004274,0
2023-07-28 12:37:45,656.2,289752,20,658.27,58967,154592,0.26740010696004274,0
2023-07-28 12:37:45,656.2,289752,20,658.27,58968,154592,0.26740010696004274,0
2023-07-28 12:37:45,656.2,289752,20,658.27,59019,154572,0.26740010696004274,0
2023-07-28 12:37:45,656.2,289752,20,658.27,59021,154570,0.26740010696004274,0
2023-07-28 12:37:45,656.2,289752,7,658.27,59021,154570,0.26740010696004274,0
2023-07-28 12:38:01,656.2,289759,2,658.27,59014,154573,0.26740010696004274,0
2023-07-28 12:38:03,656.2,290026,2,658.27,58636,154710,0.26740010696004274,0
2023-07-28 12:38:03,656.2,290026,5,658.27,58636,154710,0.26740010696004274,0
2023-07-28 12:38:08,656.2,290031,5,658.27,58636,154793,0.26740010696004274,0
2023-07-28 12:38:08,656.2,290031,5,658.27,58636,154868,0.26740010696004274,0
2023-07-28 12:38:08,656.2,290031,1,658.27,58636,154868,0.26740010696004274,0
2023-07-28 12:38:14,656.2,290047,15,658.27,58637,154892,0.26740010696004274,0
2023-07-28 12:38:14,656.2,290047,15,658.27,58637,154942,0.26740010696004274,0
2023-07-28 12:38:14,656.2,290047,15,658.27,58637,154992,0.26740010696004274,0
2023-07-28 12:38:14,656.2,290047,1,658.27,58637,154992,0.26740010696004274,0
2023-07-28 12:38:23,656.2,290051,1,658.27,58636,154860,0.26740010696004274,0
2023-07-28 12:38:26,656.15,290173,70,658.27,58634,154905,0.25976010390403115,0
2023-07-28 12:38:26,656.1,290173,66,658.27,58634,154905,0.2521201008480368,0
2023-07-28 12:38:27,656.1,290343,66,658.27,58958,154839,0.2521201008480368,0
2023-07-28 12:38:27,656.2,290343,2,658.27,58958,154839,0.26740010696004274,0
2023-07-28 12:38:29,656.2,290345,2,658.27,58958,154837,0.26740010696004274,0
2023-07-28 12:38:29,656.2,290345,2,658.27,58989,154837,0.26740010696004274,0
2023-07-28 12:38:29,656.2,290345,2,658.27,58989,154889,0.26740010696004274,0
2023-07-28 12:38:29,656.2,290345,6,658.27,58994,154889,0.26740010696004274,0
2023-07-28 12:38:38,656.2,290351,6,658.27,59133,155019,0.26740010696004274,0
2023-07-28 12:38:45,656.2,290352,1,658.27,59182,155020,0.26740010696004274,0
2023-07-28 12:38:45,656.2,290352,1,658.27,59217,155019,0.26740010696004274,0
2023-07-28 12:38:45,656.3,290352,4,658.27,59217,155019,0.28268011307203134,0
2023-07-28 12:38:49,656.3,290356,4,658.27,59217,155015,0.28268011307203134,0
2023-07-28 12:38:49,656.3,290356,1,658.27,59217,155015,0.28268011307203134,0
2023-07-28 12:39:01,656.3,290357,1,658.27,59217,155014,0.28268011307203134,0
2023-07-28 12:39:01,656.3,290357,1,658.27,59217,155049,0.28268011307203134,0
2023-07-28 12:39:01,656.3,290357,29,658.27,59453,155049,0.28268011307203134,0
2023-07-28 12:39:11,656.3,290465,29,658.27,59486,154941,0.28268011307203134,0
2023-07-28 12:39:15,656.2,290475,10,658.27,59476,154941,0.26740010696004274,0
2023-07-28 12:39:15,656.2,290475,10,658.27,59476,154952,0.26740010696004274,0
2023-07-28 12:39:15,656.3,290475,4,658.27,59476,154952,0.28268011307203134,0
2023-07-28 12:39:20,656.2,290508,8,658.27,59468,154927,0.26740010696004274,0
2023-07-28 12:39:20,655.9,290508,11,658.27,59468,154927,0.22156008862402501,0
2023-07-28 12:39:22,655.9,290708,11,658.26,59311,154927,0.22156008862402501,0
2023-07-28 12:39:25,656.3,290715,7,658.26,59457,154712,0.28268011307203134,0
2023-07-28 12:39:25,656.3,290715,7,658.26,59617,154722,0.28268011307203134,0
2023-07-28 12:39:25,656.65,290715,79,658.26,59617,154722,0.33616013446404336,0
2023-07-28 12:39:35,656.65,290815,79,658.26,59689,154469,0.33616013446404336,0
2023-07-28 12:39:35,656.35,290815,10,658.26,59689,154469,0.290320116128043,0
2023-07-28 12:39:36,656.35,290825,10,658.26,59729,154459,0.290320116128043,0
2023-07-28 12:39:36,656.35,290825,10,658.26,59753,154349,0.290320116128043,0
2023-07-28 12:39:36,656.3,290825,18,658.26,59753,154349,0.28268011307203134,0
2023-07-28 12:39:43,656.3,290875,18,658.26,59742,154508,0.28268011307203134,0
2023-07-28 12:39:43,656.75,290875,9,658.26,59742,154508,0.3514401405760493,0
2023-07-28 12:39:47,656.75,290975,9,658.26,59776,154284,0.3514401405760493,0
2023-07-28 12:39:47,656.75,290975,9,658.26,59898,154284,0.3514401405760493,0
2023-07-28 12:39:58,656.3,291110,14,658.26,59469,155094,0.28268011307203134,0
2023-07-28 12:39:58,656.3,291110,14,658.26,59509,155094,0.28268011307203134,0
2023-07-28 12:39:58,656.3,291110,3,658.26,59509,155094,0.28268011307203134,0
2023-07-28 12:40:03,656.3,291113,3,658.26,59555,155107,0.28268011307203134,0
2023-07-28 12:40:03,656.05,291113,17,658.26,59565,155107,0.2444800977920252,0
2023-07-28 12:40:07,656.05,291130,17,658.26,59548,155112,0.2444800977920252,0
2023-07-28 12:40:07,656.05,291130,17,658.26,59457,155182,0.2444800977920252,0
2023-07-28 12:40:07,656.05,291130,17,658.26,59457,155247,0.2444800977920252,0
2023-07-28 12:40:07,656.05,291130,33,658.26,59457,155247,0.2444800977920252,0
2023-07-28 12:40:16,656.05,291163,33,658.26,59583,155304,0.2444800977920252,0
2023-07-28 12:40:16,656.05,291163,5,658.26,59583,155304,0.2444800977920252,0
2023-07-28 12:40:22,656.05,291168,5,658.26,59583,155299,0.2444800977920252,0
2023-07-28 12:40:25,656.05,291180,12,658.26,60113,155187,0.2444800977920252,0
2023-07-28 12:40:27,656.3,291181,1,658.26,60113,155241,0.28268011307203134,0
2023-07-28 12:40:27,656.3,291181,1,658.26,60074,154881,0.28268011307203134,0
2023-07-28 12:40:27,656.3,291181,1,658.26,60075,154921,0.28268011307203134,0
2023-07-28 12:40:27,656.3,291181,1,658.26,60075,154921,0.28268011307203134,0
2023-07-28 12:40:27,656.5,291181,43,658.26,60075,154921,0.31324012529604317,0
2023-07-28 12:40:38,656.5,291256,43,658.26,60428,154300,0.31324012529604317,0
2023-07-28 12:40:38,656.5,291256,43,658.26,60438,154300,0.31324012529604317,0
2023-07-28 12:40:48,656.15,291257,1,658.26,60503,154420,0.25976010390403115,0
2023-07-28 12:40:48,656.9,291257,8,658.26,60503,154420,0.37436014974404946,0
2023-07-28 12:40:50,656.9,291284,8,658.26,60613,154270,0.37436014974404946,0
2023-07-28 12:40:50,656.9,291284,8,658.26,60643,154187,0.37436014974404946,0
2023-07-28 12:40:50,656.9,291284,8,658.26,60643,154187,0.37436014974404946,0
2023-07-28 12:40:50,656.55,291284,15,658.26,60713,154187,0.32088012835203744,0
2023-07-28 12:41:01,656.55,291299,15,658.26,60698,154187,0.32088012835203744,0
2023-07-28 12:41:01,656.55,291299,15,658.26,60671,154187,0.32088012835203744,0
2023-07-28 12:41:01,656.55,291299,15,658.26,60801,154186,0.32088012835203744,0
2023-07-28 12:41:01,656.55,291299,15,658.26,60431,154056,0.32088012835203744,0
2023-07-28 12:41:01,656.7,291299,5,658.26,60431,154056,0.343800137520055,0
2023-07-28 12:41:01,657.0,291299,50,658.26,60431,154056,0.3896401558560554,0
2023-07-28 12:41:18,657.0,291404,50,658.26,60551,153923,0.3896401558560554,0
2023-07-28 12:41:18,657.0,291404,50,658.26,60580,153923,0.3896401558560554,0
2023-07-28 12:41:18,657.0,291404,50,658.26,60634,153923,0.3896401558560554,0
2023-07-28 12:41:18,657.0,291404,50,658.26,60655,153963,0.3896401558560554,0
2023-07-28 12:41:18,656.45,291404,2,658.26,60655,153963,0.3056001222400489,0
2023-07-28 12:41:37,656.45,291604,2,658.26,60287,154323,0.3056001222400489,0
2023-07-28 12:41:37,656.45,291604,2,658.26,60287,154300,0.3056001222400489,0
2023-07-28 12:41:45,656.9,291612,4,658.26,60433,154296,0.37436014974404946,0
2023-07-28 12:41:45,656.85,291612,4,658.26,60433,154296,0.3667201466880552,0
2023-07-28 12:41:46,656.85,291616,4,658.26,60433,154300,0.3667201466880552,0
2023-07-28 12:41:46,656.85,291616,4,658.26,60405,155017,0.3667201466880552,0
2023-07-28 12:41:46,656.85,291616,4,658.26,60405,155017,0.3667201466880552,0
2023-07-28 12:41:46,656.85,291616,4,658.26,60405,155052,0.3667201466880552,0
2023-07-28 12:41:46,656.9,291616,2,658.26,60405,155052,0.37436014974404946,0
2023-07-28 12:42:08,656.9,291634,2,658.26,60405,154975,0.37436014974404946,0
2023-07-28 12:42:08,656.4,291634,10,658.26,60405,154975,0.29796011918403725,0
2023-07-28 12:42:13,656.4,291644,10,658.26,60395,154975,0.29796011918403725,0
2023-07-28 12:42:13,656.4,291644,10,658.26,60395,155015,0.29796011918403725,0
2023-07-28 12:42:13,656.4,291644,10,658.26,60395,155037,0.29796011918403725,0
2023-07-28 12:42:13,656.4,291644,10,658.26,60471,155037,0.29796011918403725,0
2023-07-28 12:42:13,656.4,291644,10,658.26,60471,155037,0.29796011918403725,0
2023-07-28 12:42:13,656.4,291644,10,658.26,60481,155037,0.29796011918403725,0
2023-07-28 12:42:13,656.4,291644,10,658.26,60481,155135,0.29796011918403725,0
2023-07-28 12:42:38,656.9,291659,10,658.26,60476,155125,0.37436014974404946,0
2023-07-28 12:42:38,656.9,291659,10,658.26,60476,155125,0.37436014974404946,0
2023-07-28 12:42:46,656.9,291664,5,658.26,60476,155120,0.37436014974404946,0
2023-07-28 12:42:46,656.9,291664,3,658.26,60476,155120,0.37436014974404946,0
2023-07-28 12:42:53,656.9,291667,3,658.26,60705,154802,0.37436014974404946,0
2023-07-28 12:42:53,656.9,291667,3,658.26,60580,154802,0.37436014974404946,0
2023-07-28 12:42:53,656.95,291667,1,658.26,60580,154802,0.3820001528000611,0
2023-07-28 12:42:58,656.95,291668,1,658.26,60581,154801,0.3820001528000611,0
2023-07-28 12:42:58,656.95,291668,16,658.26,60581,154801,0.3820001528000611,0
2023-07-28 12:42:58,657.0,291668,2,658.26,60581,154801,0.3896401558560554,0
2023-07-28 12:43:02,657.0,291711,4,658.26,60657,154938,0.3896401558560554,0
2023-07-28 12:43:02,657.0,291711,4,658.26,60657,154846,0.3896401558560554,0
2023-07-28 12:43:02,657.0,291711,4,658.26,60657,154881,0.3896401558560554,0
2023-07-28 12:43:02,657.0,291711,4,658.26,60717,154881,0.3896401558560554,0
2023-07-28 12:43:02,657.0,291711,4,658.26,60787,154836,0.3896401558560554,0
2023-07-28 12:43:23,657.0,291774,63,658.26,60743,154843,0.3896401558560554,0
2023-07-28 12:43:23,657.0,291774,63,658.26,60763,154843,0.3896401558560554,0
2023-07-28 12:43:23,656.55,291774,10,658.26,60763,154843,0.32088012835203744,0
2023-07-28 12:43:27,656.55,291784,10,658.26,60753,154843,0.32088012835203744,0
2023-07-28 12:43:35,657.0,291785,1,658.26,60755,154842,0.3896401558560554,0
2023-07-28 12:43:35,657.0,291785,50,658.26,60755,154842,0.3896401558560554,0
2023-07-28 12:43:37,657.0,291835,50,658.26,60753,154792,0.3896401558560554,0
2023-07-28 12:43:37,657.0,291835,100,658.26,60753,154792,0.3896401558560554,0
2023-07-28 12:43:37,657.0,291835,100,658.26,60753,154792,0.3896401558560554,0
2023-07-28 12:43:40,657.0,292035,100,658.26,61023,154662,0.3896401558560554,0
2023-07-28 12:43:40,657.0,292035,1,658.26,61023,154662,0.3896401558560554,0
2023-07-28 12:43:40,657.0,292035,5,658.26,61023,154662,0.3896401558560554,0
2023-07-28 12:43:40,657.0,292035,10,658.26,61023,154662,0.3896401558560554,0
2023-07-28 12:43:45,657.0,292074,3,658.26,61009,154643,0.3896401558560554,0
2023-07-28 12:43:45,657.0,292074,3,658.26,61009,154643,0.3896401558560554,0
2023-07-28 12:43:45,657.0,292074,1,658.26,61009,154643,0.3896401558560554,0
2023-07-28 12:43:51,657.0,292075,1,658.26,61003,154727,0.3896401558560554,0
2023-07-28 12:43:51,657.0,292075,1,658.26,60990,154732,0.3896401558560554,0
2023-07-28 12:43:51,656.6,292075,20,658.26,60990,154732,0.3285201314080491,0
2023-07-28 12:43:51,657.0,292075,1,658.26,60990,154732,0.3896401558560554,0
2023-07-28 12:43:58,657.0,292096,1,658.26,60983,154731,0.3896401558560554,0
2023-07-28 12:43:58,656.6,292096,24,658.26,60983,154731,0.3285201314080491,0
2023-07-28 12:44:05,656.6,292146,24,658.26,60908,154806,0.3285201314080491,0
2023-07-28 12:44:08,657.0,292436,10,658.26,60974,154461,0.3896401558560554,0
2023-07-28 12:44:08,657.0,292436,10,658.26,60984,154461,0.3896401558560554,0
2023-07-28 12:44:08,657.0,292436,10,658.26,60984,154386,0.3896401558560554,0
2023-07-28 12:44:08,657.0,292436,10,658.26,60931,154326,0.3896401558560554,0
2023-07-28 12:44:08,657.0,292436,10,658.26,60938,154326,0.3896401558560554,0
2023-07-28 12:44:08,657.0,292436,10,658.26,60873,154326,0.3896401558560554,0
2023-07-28 12:44:08,657.0,292436,10,658.26,60905,154326,0.3896401558560554,0
2023-07-28 12:44:08,657.0,292436,10,658.26,60955,154326,0.3896401558560554,0
2023-07-28 12:44:08,657.35,292436,10,658.26,60955,154326,0.4431201772480674,0
2023-07-28 12:44:08,656.85,292436,2,658.26,60955,154326,0.3667201466880552,0
2023-07-28 12:44:36,656.85,292488,2,658.26,60830,153703,0.3667201466880552,0
2023-07-28 12:44:36,656.8,292488,2,658.26,60830,153703,0.35908014363204355,0
2023-07-28 12:44:38,656.8,292490,2,658.26,60871,154048,0.35908014363204355,0
2023-07-28 12:44:38,656.8,292490,2,658.26,60830,154048,0.35908014363204355,0
2023-07-28 12:44:38,656.8,292490,2,658.26,60830,154203,0.35908014363204355,0
2023-07-28 12:44:38,656.8,292490,2,658.26,60830,154241,0.35908014363204355,0
2023-07-28 12:44:38,657.35,292490,7,658.26,60765,154241,0.4431201772480674,0
2023-07-28 12:44:51,657.35,292503,7,658.26,60765,154234,0.4431201772480674,0
2023-07-28 12:44:51,657.35,292503,7,658.26,60765,154267,0.4431201772480674,0
2023-07-28 12:44:51,657.35,292503,7,658.26,60765,153967,0.4431201772480674,0
2023-07-28 12:44:51,657.35,292503,7,658.26,60820,153967,0.4431201772480674,0
2023-07-28 12:44:51,656.8,292503,1,658.26,60820,153967,0.35908014363204355,0
2023-07-28 12:44:51,656.75,292503,1,658.26,60820,153967,0.3514401405760493,0
2023-07-28 12:45:05,656.75,295343,1,658.24,59485,154661,0.3514401405760493,0
2023-07-28 12:45:08,656.8,295362,1,658.24,59686,154447,0.35908014363204355,0
2023-07-28 12:45:08,656.8,295362,1,658.24,59826,154437,0.35908014363204355,0
2023-07-28 12:45:08,656.8,295362,1,658.24,59826,154497,0.35908014363204355,0
2023-07-28 12:45:08,656.8,295362,62,658.24,59826,154497,0.35908014363204355,0
2023-07-28 12:45:21,656.8,295424,62,658.24,60036,154194,0.35908014363204355,0
2023-07-28 12:45:21,656.8,295424,62,658.24,59896,154348,0.35908014363204355,0
2023-07-28 12:45:21,656.8,295424,62,658.24,59819,154627,0.35908014363204355,0
2023-07-28 12:45:21,656.8,295424,62,658.24,59824,154627,0.35908014363204355,0
2023-07-28 12:45:21,656.8,295424,62,658.24,59999,154627,0.35908014363204355,0
2023-07-28 12:45:21,656.85,295424,1,658.24,59999,154627,0.3667201466880552,0
2023-07-28 12:45:21,656.3,295424,196,658.24,59999,154627,0.28268011307203134,0
2023-07-28 12:45:42,656.8,295730,30,658.24,60101,154749,0.35908014363204355,0
2023-07-28 12:45:42,656.85,295730,1,658.24,60101,154749,0.3667201466880552,0
2023-07-28 12:45:43,656.85,295731,1,658.24,59772,155289,0.3667201466880552,0
2023-07-28 12:45:43,656.85,295731,1,658.24,59772,155289,0.3667201466880552,0
2023-07-28 12:45:43,656.75,295731,16,658.24,59772,155289,0.3514401405760493,0
2023-07-28 12:45:49,656.75,295766,16,658.24,59789,155288,0.3514401405760493,0
2023-07-28 12:45:49,656.75,295766,20,658.24,59789,155288,0.3514401405760493,0
2023-07-28 12:45:55,656.75,295786,20,658.24,59672,155268,0.3514401405760493,0
2023-07-28 12:45:59,656.8,295811,9,658.24,59717,155266,0.35908014363204355,0
2023-07-28 12:45:59,656.8,295811,9,658.24,59717,155278,0.35908014363204355,0
2023-07-28 12:45:59,656.25,295811,15,658.24,59717,155278,0.27504011001603706,0
2023-07-28 12:46:07,656.25,295826,15,658.24,59702,155287,0.27504011001603706,0
2023-07-28 12:46:07,656.25,295826,15,658.24,59647,155393,0.27504011001603706,0
2023-07-28 12:46:07,656.25,295826,15,658.24,59647,155453,0.27504011001603706,0
2023-07-28 12:46:07,656.25,295826,15,658.24,59537,155303,0.27504011001603706,0
2023-07-28 12:46:07,656.25,295826,15,658.24,59537,155303,0.27504011001603706,0
2023-07-28 12:46:20,656.2,295827,1,658.24,59536,155303,0.26740010696004274,0
2023-07-28 12:46:20,656.2,295827,1,658.24,59493,155322,0.26740010696004274,0
2023-07-28 12:46:20,656.2,295827,1,658.24,59508,155322,0.26740010696004274,0
2023-07-28 12:46:20,656.2,295827,1,658.24,59508,155332,0.26740010696004274,0
2023-07-28 12:46:20,656.2,295827,1,658.24,59234,155332,0.26740010696004274,0
2023-07-28 12:46:38,656.0,295942,76,658.23,59260,155349,0.23684009473603093,0
2023-07-28 12:46:38,656.0,295942,76,658.23,59362,155349,0.23684009473603093,0
2023-07-28 12:46:38,656.0,295942,76,658.23,59357,155349,0.23684009473603093,0
2023-07-28 12:46:38,656.0,295942,76,658.23,59407,155451,0.23684009473603093,0
2023-07-28 12:46:38,656.65,295942,2,658.23,59407,155451,0.33616013446404336,0
2023-07-28 12:46:46,656.65,296142,2,658.23,59519,155217,0.33616013446404336,0
2023-07-28 12:46:46,656.65,296142,2,658.23,59569,155293,0.33616013446404336,0
2023-07-28 12:46:46,656.65,296142,2,658.23,59629,155293,0.33616013446404336,0
2023-07-28 12:46:46,656.65,296142,2,658.23,59634,155293,0.33616013446404336,0
2023-07-28 12:46:46,656.65,296142,2,658.23,59634,155218,0.33616013446404336,0
2023-07-28 12:46:46,656.2,296142,1,658.23,59634,155218,0.26740010696004274,0
2023-07-28 12:47:05,656.2,296143,1,658.23,59895,155221,0.26740010696004274,0
2023-07-28 12:47:05,656.2,296143,1,658.23,60068,155053,0.26740010696004274,0
2023-07-28 12:47:05,656.0,296143,15,658.23,60068,155053,0.23684009473603093,0
2023-07-28 12:47:12,656.0,296162,15,658.23,60393,154357,0.23684009473603093,0
2023-07-28 12:47:12,656.0,296162,15,658.23,60393,154307,0.23684009473603093,0
2023-07-28 12:47:12,656.0,296162,15,658.23,60403,154307,0.23684009473603093,0
2023-07-28 12:47:12,656.0,296162,15,658.23,60394,154307,0.23684009473603093,0
2023-07-28 12:47:12,656.0,296162,15,658.23,60394,154371,0.23684009473603093,0
2023-07-28 12:47:12,656.0,296162,15,658.23,60433,154371,0.23684009473603093,0
2023-07-28 12:47:12,656.25,296162,1,658.23,60433,154371,0.27504011001603706,0
2023-07-28 12:47:40,656.25,296212,1,658.23,60334,154680,0.27504011001603706,0
2023-07-28 12:47:40,656.25,296212,1,658.23,60334,154831,0.27504011001603706,0
2023-07-28 12:47:40,656.25,296212,1,658.23,60334,151831,0.27504011001603706,0
2023-07-28 12:47:50,656.7,296213,1,658.23,60391,151831,0.343800137520055,0
2023-07-28 12:47:50,656.7,296213,1,658.23,60291,151831,0.343800137520055,0
2023-07-28 12:47:50,656.7,296213,1,658.23,60096,151751,0.343800137520055,0
2023-07-28 12:47:50,656.7,296213,1,658.23,59891,151869,0.343800137520055,0
2023-07-28 12:47:50,656.7,296213,1,658.23,59891,151856,0.343800137520055,0
2023-07-28 12:48:09,656.4,296290,77,658.23,60555,151275,0.29796011918403725,0
2023-07-28 12:48:09,656.4,296290,77,658.23,60398,151464,0.29796011918403725,0
2023-07-28 12:48:09,656.4,296290,77,658.23,60468,153514,0.29796011918403725,0
2023-07-28 12:48:09,657.0,296290,234,658.23,60468,153514,0.3896401558560554,0
2023-07-28 12:48:16,657.0,296713,234,658.23,60321,153641,0.3896401558560554,0
2023-07-28 12:48:16,656.45,296713,10,658.23,60321,153641,0.3056001222400489,0
2023-07-28 12:48:17,656.45,296723,10,658.23,60097,153831,0.3056001222400489,0
2023-07-28 12:48:17,656.45,296723,10,658.23,59966,153850,0.3056001222400489,0
2023-07-28 12:48:17,656.0,296723,1,658.23,59966,153850,0.23684009473603093,0
2023-07-28 12:48:17,656.0,296723,358,658.23,59966,153850,0.23684009473603093,0
2023-07-28 12:48:23,656.0,297577,358,658.22,59730,154046,0.23684009473603093,0
2023-07-28 12:48:23,656.0,297577,358,658.22,59730,154046,0.23684009473603093,0
2023-07-28 12:48:23,656.0,297577,48,658.22,59730,154046,0.23684009473603093,0
2023-07-28 12:48:23,656.0,297577,5,658.22,59730,154046,0.23684009473603093,0
2023-07-28 12:48:35,656.0,297643,10,658.22,59652,153971,0.23684009473603093,0
2023-07-28 12:48:35,655.8,297643,1,658.22,59652,153971,0.2062800825120191,0
2023-07-28 12:48:35,655.8,297643,5,658.22,59652,153971,0.2062800825120191,0
2023-07-28 12:48:37,655.8,297649,5,658.22,59665,153971,0.2062800825120191,0
2023-07-28 12:48:37,656.35,297649,13,658.22,59665,153971,0.290320116128043,0
2023-07-28 12:48:38,656.35,297749,13,658.22,59818,153767,0.290320116128043,0
2023-07-28 12:48:38,656.35,297749,13,658.22,59793,153767,0.290320116128043,0
2023-07-28 12:48:45,656.0,297765,16,658.22,59752,153767,0.23684009473603093,0
2023-07-28 12:48:45,656.5,297765,9,658.22,59752,153767,0.31324012529604317,0
2023-07-28 12:48:47,656.5,297795,9,658.22,59742,153669,0.31324012529604317,0
2023-07-28 12:48:47,656.5,297795,9,658.22,59742,153670,0.31324012529604317,0
2023-07-28 12:48:47,656.5,297795,1,658.22,59742,153670,0.31324012529604317,0
2023-07-28 12:48:51,656.5,297796,1,658.22,59742,153635,0.31324012529604317,0
2023-07-28 12:48:51,656.5,297796,1,658.22,59831,153635,0.31324012529604317,0
2023-07-28 12:48:51,656.5,297796,1,658.22,59788,153685,0.31324012529604317,0
2023-07-28 12:48:51,656.0,297796,5,658.22,59788,153685,0.23684009473603093,0
2023-07-28 12:49:01,656.0,297861,185,658.22,59643,154742,0.23684009473603093,0
2023-07-28 12:49:03,656.0,298796,185,658.21,59153,153975,0.23684009473603093,0
2023-07-28 12:49:03,655.65,298796,3,658.21,59153,153975,0.1833600733440189,0
2023-07-28 12:49:08,655.65,298866,3,658.21,59156,153786,0.1833600733440189,0
2023-07-28 12:49:11,656.0,298873,7,658.21,59234,153792,0.23684009473603093,0
2023-07-28 12:49:11,656.0,298873,4,658.21,59234,153792,0.23684009473603093,0
2023-07-28 12:49:15,656.0,298877,4,658.21,59231,153786,0.23684009473603093,0
2023-07-28 12:49:15,656.0,298877,4,658.21,59381,153741,0.23684009473603093,0
2023-07-28 12:49:15,656.0,298877,34,658.21,59381,153741,0.23684009473603093,0
2023-07-28 12:49:19,656.0,298911,34,658.21,59347,153796,0.23684009473603093,0
2023-07-28 12:49:23,656.0,298941,30,658.21,59317,153771,0.23684009473603093,0
2023-07-28 12:49:23,656.0,298941,30,658.21,59327,153766,0.23684009473603093,0
2023-07-28 12:49:23,656.05,298941,5,658.21,59327,153766,0.2444800977920252,0
2023-07-28 12:49:29,656.05,298946,5,658.21,59322,153766,0.2444800977920252,0
2023-07-28 12:49:29,656.05,298946,5,658.21,59107,153450,0.2444800977920252,0
2023-07-28 12:49:29,656.05,298946,5,658.21,59107,153417,0.2444800977920252,0
2023-07-28 12:49:29,656.05,298946,5,658.21,59107,153460,0.2444800977920252,0
2023-07-28 12:49:29,656.45,298946,3,658.21,59107,153460,0.3056001222400489,0
2023-07-28 12:49:42,656.45,298949,3,658.21,59107,153414,0.3056001222400489,0
2023-07-28 12:49:42,656.5,298949,11,658.21,59107,153414,0.31324012529604317,0
2023-07-28 12:49:44,656.5,298961,11,658.21,59107,153402,0.31324012529604317,0
2023-07-28 12:49:44,656.05,298961,5,658.21,59107,153402,0.2444800977920252,0
2023-07-28 12:49:52,656.05,298966,5,658.21,58989,153631,0.2444800977920252,0
2023-07-28 12:49:52,656.0,298966,71,658.21,58989,153631,0.23684009473603093,0
2023-07-28 12:49:53,656.0,299037,71,658.21,58918,153705,0.23684009473603093,0
2023-07-28 12:49:57,656.0,299040,3,658.21,58920,153705,0.23684009473603093,0
2023-07-28 12:49:57,656.3,299040,5,658.21,58920,153705,0.28268011307203134,0
2023-07-28 12:49:59,656.3,299060,10,658.21,58835,153731,0.28268011307203134,0
2023-07-28 12:49:59,656.3,299060,10,658.21,58835,153765,0.28268011307203134,0
2023-07-28 12:49:59,656.5,299060,7,658.21,58835,153765,0.31324012529604317,0
2023-07-28 12:50:04,656.5,299267,7,658.21,59012,153485,0.31324012529604317,0
2023-07-28 12:50:04,656.5,299267,7,658.21,59086,153416,0.31324012529604317,0
2023-07-28 12:50:04,656.5,299267,7,658.21,59189,153416,0.31324012529604317,0
2023-07-28 12:50:04,656.0,299267,5,658.21,59189,153416,0.23684009473603093,0
2023-07-28 12:50:16,655.9,299272,2,658.21,59204,153416,0.22156008862402501,0
2023-07-28 12:50:18,655.9,299374,2,658.21,58710,154073,0.22156008862402501,0
2023-07-28 12:50:18,655.9,299374,2,658.21,58806,153865,0.22156008862402501,0
2023-07-28 12:50:18,656.2,299374,11,658.21,58806,153865,0.26740010696004274,0
2023-07-28 12:50:23,656.2,299385,11,658.21,58820,153735,0.26740010696004274,0
2023-07-28 12:50:23,655.8,299385,2,658.21,58820,153735,0.2062800825120191,0
2023-07-28 12:50:25,655.8,299390,2,658.21,58915,153721,0.2062800825120191,0
2023-07-28 12:50:25,655.8,299390,2,658.21,58915,153772,0.2062800825120191,0
2023-07-28 12:50:25,655.8,299390,2,658.21,58925,153772,0.2062800825120191,0
2023-07-28 12:50:25,656.25,299390,1,658.21,58925,153772,0.27504011001603706,0
2023-07-28 12:50:39,656.25,299391,1,658.21,58986,153771,0.27504011001603706,0
2023-07-28 12:50:39,656.25,299391,1,658.21,58986,153758,0.27504011001603706,0
2023-07-28 12:50:39,656.25,299391,1,658.21,58991,153620,0.27504011001603706,0
2023-07-28 12:50:39,656.25,299391,1,658.21,59111,153590,0.27504011001603706,0
2023-07-28 12:50:39,656.25,299391,1,658.21,59147,153581,0.27504011001603706,0
2023-07-28 12:51:00,656.5,299413,10,658.21,59362,153548,0.31324012529604317,0
2023-07-28 12:51:05,656.5,299473,60,658.21,59404,153488,0.31324012529604317,0
2023-07-28 12:51:05,656.5,299473,60,658.21,59464,153488,0.31324012529604317,0
2023-07-28 12:51:05,656.5,299473,60,658.21,59465,153488,0.31324012529604317,0
2023-07-28 12:51:05,656.5,299473,60,658.21,59340,153448,0.31324012529604317,0
2023-07-28 12:51:05,656.5,299473,12,658.21,59340,153448,0.31324012529604317,0
2023-07-28 12:51:17,656.5,299487,12,658.21,59340,153519,0.31324012529604317,0
2023-07-28 12:51:21,656.5,299494,7,658.21,59340,153512,0.31324012529604317,0
2023-07-28 12:51:21,656.25,299494,20,658.21,59340,153512,0.27504011001603706,0
2023-07-28 12:51:25,656.25,299514,20,658.21,59320,153512,0.27504011001603706,0
2023-07-28 12:51:25,656.25,299514,58,658.21,59320,153512,0.27504011001603706,0
2023-07-28 12:51:28,656.25,299572,58,658.21,59213,153668,0.27504011001603706,0
2023-07-28 12:51:28,656.25,299572,58,658.21,59213,153753,0.27504011001603706,0
2023-07-28 12:51:28,656.25,299572,58,658.21,59214,153753,0.27504011001603706,0
2023-07-28 12:51:28,656.0,299572,8,658.21,59214,153753,0.23684009473603093,0
2023-07-28 12:51:47,656.0,299644,1,658.21,59077,154205,0.23684009473603093,0
2023-07-28 12:51:47,656.0,299644,1,658.21,59248,154103,0.23684009473603093,0
2023-07-28 12:51:47,656.0,299644,1,658.21,59237,154139,0.23684009473603093,0
2023-07-28 12:51:47,656.0,299644,8,658.21,59237,154139,0.23684009473603093,0
2023-07-28 12:52:00,656.0,299652,8,658.21,59220,153614,0.23684009473603093,0
2023-07-28 12:52:00,655.85,299652,7,658.21,59220,153614,0.21392008556803074,0
2023-07-28 12:52:09,655.85,299670,7,658.21,59162,153992,0.21392008556803074,0
2023-07-28 12:52:09,655.85,299670,7,658.21,59012,154065,0.21392008556803074,0
2023-07-28 12:52:09,655.85,299670,7,658.21,58902,154065,0.21392008556803074,0
2023-07-28 12:52:09,655.85,299670,7,658.21,58893,153799,0.21392008556803074,0
2023-07-28 12:52:09,655.85,299670,7,658.21,58973,153799,0.21392008556803074,0
2023-07-28 12:52:09,655.85,299670,7,658.21,58973,153799,0.21392008556803074,0
2023-07-28 12:52:09,656.3,299670,20,658.21,58973,153799,0.28268011307203134,0
2023-07-28 12:52:32,656.3,299690,20,658.21,59153,153644,0.28268011307203134,0
2023-07-28 12:52:32,656.0,299690,2,658.21,59153,153644,0.23684009473603093,0
2023-07-28 12:52:33,656.0,299692,2,658.21,59161,153714,0.23684009473603093,0
2023-07-28 12:52:33,656.0,299692,2,658.21,59211,153714,0.23684009473603093,0
2023-07-28 12:52:33,656.45,299692,1,658.21,59211,153714,0.3056001222400489,0
2023-07-28 12:52:46,656.45,299698,1,658.21,59352,153601,0.3056001222400489,0
2023-07-28 12:52:46,656.3,299698,60,658.21,59352,153601,0.28268011307203134,0
2023-07-28 12:52:48,656.3,299758,60,658.21,59352,153681,0.28268011307203134,0
2023-07-28 12:52:48,656.3,299758,60,658.21,59352,153681,0.28268011307203134,0
2023-07-28 12:52:48,656.3,299758,60,658.21,59192,153571,0.28268011307203134,0
2023-07-28 12:52:48,656.3,299758,60,658.21,59202,153571,0.28268011307203134,0
2023-07-28 12:52:48,656.45,299758,2,658.21,59202,153571,0.3056001222400489,0
2023-07-28 12:52:59,656.45,299760,2,658.21,59202,153604,0.3056001222400489,0
2023-07-28 12:52:59,656.45,299760,2,658.21,59052,153604,0.3056001222400489,0
2023-07-28 12:52:59,656.0,299760,49,658.21,59052,153604,0.23684009473603093,0
2023-07-28 12:53:13,656.0,299850,49,658.21,59043,153672,0.23684009473603093,0
2023-07-28 12:53:13,656.0,299850,49,658.21,59078,153672,0.23684009473603093,0
2023-07-28 12:53:13,656.4,299850,5,658.21,59078,153672,0.29796011918403725,0
2023-07-28 12:53:18,656.4,299855,5,658.21,59078,153653,0.29796011918403725,0
2023-07-28 12:53:18,656.4,299855,5,658.21,59078,153669,0.29796011918403725,0
2023-07-28 12:53:18,656.4,299855,5,658.21,59108,153669,0.29796011918403725,0
2023-07-28 12:53:18,656.4,299855,1,658.21,59108,153669,0.29796011918403725,0
2023-07-28 12:53:23,656.4,299856,1,658.21,59109,153668,0.29796011918403725,0
2023-07-28 12:53:23,656.4,299856,1,658.21,59109,153668,0.29796011918403725,0
2023-07-28 12:53:33,656.4,299857,1,658.21,59108,153651,0.29796011918403725,0
2023-07-28 12:53:36,656.0,299858,1,658.21,59107,153667,0.23684009473603093,0
2023-07-28 12:53:36,656.4,299858,170,658.21,59107,153667,0.29796011918403725,0
2023-07-28 12:53:38,656.4,300058,170,658.21,59107,153662,0.29796011918403725,0
2023-07-28 12:53:38,656.4,300058,10,658.21,59107,153662,0.29796011918403725,0
2023-07-28 12:53:41,656.0,300098,30,658.21,59077,153822,0.23684009473603093,0
2023-07-28 12:53:41,656.45,300098,3,658.21,59077,153822,0.3056001222400489,0
2023-07-28 12:53:41,656.5,300098,66,658.21,59077,153822,0.31324012529604317,0
2023-07-28 12:53:43,656.5,300886,66,658.2,59199,153601,0.31324012529604317,0
2023-07-28 12:53:43,656.5,300886,66,658.2,59188,153623,0.31324012529604317,0
2023-07-28 12:53:43,656.5,300886,66,658.2,59188,153468,0.31324012529604317,0
2023-07-28 12:53:43,656.5,300886,2,658.2,59188,153468,0.31324012529604317,0
2023-07-28 12:53:59,656.5,300888,2,658.2,59192,153466,0.31324012529604317,0
2023-07-28 12:53:59,656.5,300888,2,658.2,59192,153476,0.31324012529604317,0
2023-07-28 12:53:59,656.5,300888,25,658.2,59192,153476,0.31324012529604317,0
2023-07-28 12:54:07,656.5,300913,25,658.2,59201,153451,0.31324012529604317,0
2023-07-28 12:54:07,656.5,300913,25,658.2,59276,153461,0.31324012529604317,0
2023-07-28 12:54:19,656.2,300920,7,658.2,59276,153468,0.26740010696004274,0
2023-07-28 12:54:19,656.2,300920,4,658.2,59276,153468,0.26740010696004274,0
2023-07-28 12:54:19,656.5,300920,23,658.2,59276,153468,0.31324012529604317,0
2023-07-28 12:54:34,656.5,301024,23,658.2,59090,153449,0.31324012529604317,0
2023-07-28 12:54:34,656.5,301024,23,658.2,59100,153449,0.31324012529604317,0
2023-07-28 12:54:40,656.5,301025,1,658.2,59112,153448,0.31324012529604317,0
2023-07-28 12:54:40,656.5,301025,7,658.2,59112,153448,0.31324012529604317,0
2023-07-28 12:54:42,656.0,301401,50,658.2,58629,154019,0.23684009473603093,0
2023-07-28 12:54:42,656.2,301401,7,658.2,58629,154019,0.26740010696004274,0
2023-07-28 12:54:43,656.2,301408,7,658.2,58525,154152,0.26740010696004274,0
2023-07-28 12:54:43,656.2,301408,7,658.2,58525,154074,0.26740010696004274,0
2023-07-28 12:54:43,656.2,301408,7,658.2,58508,154074,0.26740010696004274,0
2023-07-28 12:54:50,656.3,301428,12,658.2,58583,154012,0.28268011307203134,0
2023-07-28 12:54:50,656.0,301428,1,658.2,58656,153864,0.23684009473603093,0
2023-07-28 12:54:50,656.25,301428,2,658.2,58656,153864,0.27504011001603706,0
2023-07-28 12:54:53,656.25,301440,2,658.2,58613,153742,0.27504011001603706,0
2023-07-28 12:54:53,655.9,301440,14,658.2,58613,153742,0.22156008862402501,0
2023-07-28 12:54:55,655.9,301454,14,658.2,58599,153742,0.22156008862402501,0
2023-07-28 12:54:55,655.9,301454,14,658.2,58599,153847,0.22156008862402501,0
2023-07-28 12:54:55,655.9,301454,14,658.2,58599,153772,0.22156008862402501,0
2023-07-28 12:55:02,655.9,301462,8,658.2,58696,153863,0.22156008862402501,0
2023-07-28 12:55:02,655.9,301462,10,658.2,58696,153863,0.22156008862402501,0
2023-07-28 12:55:06,655.9,301472,10,658.2,58698,153853,0.22156008862402501,0
2023-07-28 12:55:06,655.9,301472,2,658.2,58698,153853,0.22156008862402501,0
2023-07-28 12:55:13,655.9,301474,2,658.2,58709,153806,0.22156008862402501,0
2023-07-28 12:55:13,655.9,301474,5,658.2,58709,153806,0.22156008862402501,0
2023-07-28 12:55:15,655.9,301479,5,658.2,58689,153657,0.22156008862402501,0
2023-07-28 12:55:15,655.9,301479,8,658.2,58689,153657,0.22156008862402501,0
2023-07-28 12:55:19,655.9,301504,8,658.2,58781,153652,0.22156008862402501,0
2023-07-28 12:55:19,655.9,301504,9,658.2,58781,153652,0.22156008862402501,0
2023-07-28 12:55:22,655.9,301513,9,658.2,58780,154076,0.22156008862402501,0
2023-07-28 12:55:22,655.9,301513,9,658.2,58780,154076,0.22156008862402501,0
2023-07-28 12:55:22,655.9,301513,9,658.2,58779,154066,0.22156008862402501,0
2023-07-28 12:55:22,655.75,301513,11,658.2,58779,154066,0.19864007945602483,0
2023-07-28 12:55:30,655.75,301654,11,658.2,58229,154350,0.19864007945602483,0
2023-07-28 12:55:30,655.5,301654,1,658.2,58229,154350,0.16044006417601872,0
2023-07-28 12:55:34,655.5,301656,1,658.2,57960,154415,0.16044006417601872,0
2023-07-28 12:55:34,655.5,301656,1,658.2,57960,155055,0.16044006417601872,0
2023-07-28 12:55:34,655.5,301656,1,658.2,57960,155050,0.16044006417601872,0
2023-07-28 12:55:34,655.85,301656,2,658.2,57960,155050,0.21392008556803074,0
2023-07-28 12:55:45,655.85,301671,5,658.2,57946,155043,0.21392008556803074,0
2023-07-28 12:55:45,655.85,301671,1,658.2,57946,155043,0.21392008556803074,0
2023-07-28 12:55:49,655.85,301672,1,658.2,57948,155042,0.21392008556803074,0
2023-07-28 12:55:49,655.85,301672,10,658.2,57948,155042,0.21392008556803074,0
2023-07-28 12:55:51,655.85,301682,10,658.2,57923,155075,0.21392008556803074,0
2023-07-28 12:55:51,655.85,301682,10,658.2,57924,155032,0.21392008556803074,0
2023-07-28 12:55:51,655.85,301682,1,658.2,57924,155076,0.21392008556803074,0
2023-07-28 12:55:51,655.8,301682,1,658.2,57924,155076,0.2062800825120191,0
2023-07-28 12:56:03,655.8,301684,1,658.2,57908,154989,0.2062800825120191,0
2023-07-28 12:56:03,655.8,301684,1,658.2,57983,155019,0.2062800825120191,0
2023-07-28 12:56:03,655.8,301684,1,658.2,57968,155019,0.2062800825120191,0
2023-07-28 12:56:03,655.5,301684,20,658.2,57968,155019,0.16044006417601872,0
2023-07-28 12:56:12,655.5,301704,20,658.2,57998,155019,0.16044006417601872,0
2023-07-28 12:56:12,655.5,301704,20,658.2,57928,154769,0.16044006417601872,0
2023-07-28 12:56:18,655.85,301709,5,658.2,58026,154734,0.21392008556803074,0
2023-07-28 12:56:18,655.85,301709,5,658.2,58252,154584,0.21392008556803074,0
2023-07-28 12:56:18,655.85,301709,5,658.2,58323,154594,0.21392008556803074,0
2023-07-28 12:56:18,655.85,301709,5,658.2,58378,154555,0.21392008556803074,0
2023-07-28 12:56:18,655.85,301709,5,658.2,58393,154555,0.21392008556803074,0
2023-07-28 12:56:18,655.85,301709,5,658.2,58488,154555,0.21392008556803074,0
2023-07-28 12:56:18,655.85,301709,5,658.2,58518,154555,0.21392008556803074,0
2023-07-28 12:56:18,655.8,301709,1,658.2,58518,154555,0.2062800825120191,0
2023-07-28 12:56:37,655.8,301710,1,658.2,58512,154683,0.2062800825120191,0
2023-07-28 12:56:37,655.8,301710,1,658.2,58512,154773,0.2062800825120191,0
2023-07-28 12:56:37,655.5,301710,16,658.2,58512,154773,0.16044006417601872,0
2023-07-28 12:56:42,655.5,301755,16,658.2,58508,154947,0.16044006417601872,0
2023-07-28 12:56:42,655.5,301755,16,658.2,58533,154947,0.16044006417601872,0
2023-07-28 12:56:42,655.3,301755,1,658.2,58533,154947,0.1298800519520069,0
2023-07-28 12:56:52,655.3,301756,6,658.2,58532,154947,0.1298800519520069,0
2023-07-28 12:56:53,655.3,301806,6,658.19,58684,154111,0.1298800519520069,0
2023-07-28 12:56:53,655.3,301806,6,658.19,58799,154111,0.1298800519520069,0
2023-07-28 12:56:53,655.3,301806,6,658.19,58799,154011,0.1298800519520069,0
2023-07-28 12:56:53,655.3,301806,6,658.19,58799,153906,0.1298800519520069,0
2023-07-28 12:56:53,655.55,301806,6,658.19,58799,153906,0.168080067232013,0
2023-07-28 12:57:04,655.55,301812,6,658.19,58793,153936,0.168080067232013,0
2023-07-28 12:57:04,655.9,301812,1,658.19,58793,153936,0.22156008862402501,0
2023-07-28 12:57:09,655.9,301813,1,658.19,58793,153985,0.22156008862402501,0
2023-07-28 12:57:09,655.3,301813,2,658.19,58793,153985,0.1298800519520069,0
2023-07-28 12:57:12,655.3,301919,2,658.19,58892,154285,0.1298800519520069,0
2023-07-28 12:57:12,655.3,301919,2,658.19,58893,154145,0.1298800519520069,0
2023-07-28 12:57:12,655.3,301919,2,658.19,58898,154185,0.1298800519520069,0
2023-07-28 12:57:12,655.45,301919,5,658.19,58898,154185,0.15280006112002445,0
2023-07-28 12:57:28,655.45,301924,5,658.19,58585,155453,0.15280006112002445,0
2023-07-28 12:57:28,655.3,301924,10,658.19,58585,155453,0.1298800519520069,0
2023-07-28 12:57:32,655.3,301934,10,658.19,58494,155846,0.1298800519520069,0
2023-07-28 12:57:32,655.1,301934,3,658.19,58494,155846,0.09932003972801241,0
2023-07-28 12:57:36,655.1,301948,3,658.19,58426,155847,0.09932003972801241,0
2023-07-28 12:57:36,655.1,301948,3,658.19,58483,155847,0.09932003972801241,0
2023-07-28 12:57:36,655.1,301948,17,658.19,58483,155847,0.09932003972801241,0
2023-07-28 12:57:36,655.1,301948,1,658.19,58483,155847,0.09932003972801241,0
2023-07-28 12:57:48,655.3,302010,7,658.19,58668,155840,0.1298800519520069,0
2023-07-28 12:57:48,655.3,302010,7,658.19,58687,155840,0.1298800519520069,0
2023-07-28 12:57:48,655.3,302010,7,658.19,58568,155475,0.1298800519520069,0
2023-07-28 12:57:48,655.3,302010,7,658.19,58618,155480,0.1298800519520069,0
2023-07-28 12:57:48,655.3,302010,5,658.19,58618,155480,0.1298800519520069,0
2023-07-28 12:57:58,655.3,302015,5,658.19,58618,155475,0.1298800519520069,0
2023-07-28 12:57:58,655.3,302015,1,658.19,58618,155475,0.1298800519520069,0
2023-07-28 12:58:05,655.3,302016,1,658.19,58518,155474,0.1298800519520069,0
2023-07-28 12:58:05,655.1,302016,2,658.19,58518,155474,0.09932003972801241,0
2023-07-28 12:58:10,655.1,302085,2,658.19,58599,155474,0.09932003972801241,0
2023-07-28 12:58:10,655.1,302085,2,658.19,58699,155474,0.09932003972801241,0
2023-07-28 12:58:10,655.1,302085,2,658.19,58699,155484,0.09932003972801241,0
2023-07-28 12:58:10,655.1,302085,2,658.19,58699,155492,0.09932003972801241,0
2023-07-28 12:58:10,655.1,302085,2,658.19,58699,155493,0.09932003972801241,0
2023-07-28 12:58:10,655.3,302085,5,658.19,58699,155493,0.1298800519520069,0
2023-07-28 12:58:10,655.3,302085,50,658.19,58699,155493,0.1298800519520069,0
2023-07-28 12:58:27,655.3,302170,30,658.19,58769,155297,0.1298800519520069,0
2023-07-28 12:58:27,655.1,302170,16,658.19,58769,155297,0.09932003972801241,0
2023-07-28 12:58:32,655.1,302186,16,658.19,58766,155297,0.09932003972801241,0
2023-07-28 12:58:32,655.3,302186,25,658.19,58766,155297,0.1298800519520069,0
2023-07-28 12:58:39,655.3,302211,25,658.19,58766,155272,0.1298800519520069,0
2023-07-28 12:58:39,655.3,302211,25,658.19,58776,155272,0.1298800519520069,0
2023-07-28 12:58:39,655.3,302211,25,658.19,58779,155272,0.1298800519520069,0
2023-07-28 12:58:39,655.3,302211,25,658.19,58864,155272,0.1298800519520069,0
2023-07-28 12:58:39,655.3,302211,1,658.19,58864,155272,0.1298800519520069,0
2023-07-28 12:58:49,655.3,302212,1,658.19,58866,155241,0.1298800519520069,0
2023-07-28 12:58:49,655.3,302212,1,658.19,58875,155241,0.1298800519520069,0
2023-07-28 12:58:49,655.3,302212,1,658.19,58876,155241,0.1298800519520069,0
2023-07-28 12:58:49,655.3,302212,1,658.19,58886,155241,0.1298800519520069,0
2023-07-28 12:58:49,655.1,302212,20,658.19,58886,155241,0.09932003972801241,0
2023-07-28 12:59:02,655.1,302232,20,658.19,58866,155441,0.09932003972801241,0
2023-07-28 12:59:02,655.1,302232,20,658.19,58721,155458,0.09932003972801241,0
2023-07-28 12:59:02,655.3,302232,10,658.19,58721,155458,0.1298800519520069,0
2023-07-28 12:59:15,655.1,302260,18,658.19,58818,155451,0.09932003972801241,0
2023-07-28 12:59:15,655.1,302260,30,658.19,58818,155451,0.09932003972801241,0
2023-07-28 12:59:18,655.05,302602,49,658.19,58406,155572,0.09168003667200077,0
2023-07-28 12:59:19,655.05,302652,49,658.19,58356,155574,0.09168003667200077,0
2023-07-28 12:59:19,655.05,302652,49,658.19,58556,155562,0.09168003667200077,0
2023-07-28 12:59:19,655.05,302652,49,658.19,58598,155560,0.09168003667200077,0
2023-07-28 12:59:19,655.05,302652,49,658.19,58599,155560,0.09168003667200077,0
2023-07-28 12:59:19,655.05,302652,50,658.19,58599,155560,0.09168003667200077,0
2023-07-28 12:59:30,655.05,302702,50,658.19,58549,155560,0.09168003667200077,0
2023-07-28 12:59:30,655.3,302702,1,658.19,58549,155560,0.1298800519520069,0
2023-07-28 12:59:33,655.3,302705,1,658.19,58549,155547,0.1298800519520069,0
2023-07-28 12:59:33,655.3,302705,1,658.19,58554,155547,0.1298800519520069,0
2023-07-28 12:59:33,655.3,302705,1,658.19,58554,155547,0.1298800519520069,0
2023-07-28 12:59:33,655.0,302705,1,658.19,58554,155547,0.0840400336160065,0
2023-07-28 12:59:39,655.0,303805,1,658.17,57421,154947,0.0840400336160065,0
2023-07-28 12:59:39,655.0,303805,1,658.17,57431,154977,0.0840400336160065,0
2023-07-28 12:59:39,655.0,303805,1,658.17,57611,155046,0.0840400336160065,0
2023-07-28 12:59:45,655.0,303856,50,658.17,57559,155045,0.0840400336160065,0
2023-07-28 12:59:45,655.0,303856,50,658.17,58060,155045,0.0840400336160065,0
2023-07-28 12:59:45,655.25,303856,1,658.17,58060,155045,0.1222400488960126,0
2023-07-28 12:59:48,655.25,303866,1,658.17,58060,155035,0.1222400488960126,0
2023-07-28 12:59:48,655.25,303866,1,658.17,58060,155085,0.1222400488960126,0
2023-07-28 12:59:48,655.25,303866,1,658.17,58060,155033,0.1222400488960126,0
2023-07-28 13:00:00,655.25,303870,4,658.17,58260,154996,0.1222400488960126,0
2023-07-28 13:00:00,655.25,303870,4,658.17,58271,154996,0.1222400488960126,0
2023-07-28 13:00:00,655.25,303870,4,658.17,58271,154996,0.1222400488960126,0
2023-07-28 13:00:00,655.25,303870,4,658.17,58436,154996,0.1222400488960126,0
2023-07-28 13:00:00,655.0,303870,1,658.17,58436,154996,0.0840400336160065,0
2023-07-28 13:00:12,655.0,303900,1,658.17,58401,154996,0.0840400336160065,0
2023-07-28 13:00:12,655.0,303900,1,658.17,58551,154996,0.0840400336160065,0
2023-07-28 13:00:22,655.0,303916,14,658.17,58552,154980,0.0840400336160065,0
2023-07-28 13:00:22,655.0,303916,12,658.17,58552,154980,0.0840400336160065,0
2023-07-28 13:00:23,655.0,303942,12,658.17,58526,154980,0.0840400336160065,0
2023-07-28 13:00:27,655.0,303952,10,658.17,58546,154980,0.0840400336160065,0
2023-07-28 13:00:27,655.25,303952,6,658.17,58546,154980,0.1222400488960126,0
2023-07-28 13:00:27,655.0,303952,2,658.17,58546,154980,0.0840400336160065,0
2023-07-28 13:00:27,655.0,303952,2,658.17,58546,154980,0.0840400336160065,0
2023-07-28 13:00:33,655.0,304028,2,658.17,58503,154951,0.0840400336160065,0
2023-07-28 13:00:35,655.3,304073,45,658.17,58503,154859,0.1298800519520069,0
2023-07-28 13:00:35,655.3,304073,45,658.17,58696,154726,0.1298800519520069,0
2023-07-28 13:00:35,655.3,304073,45,658.17,58700,154726,0.1298800519520069,0
2023-07-28 13:00:35,655.3,304073,45,658.17,58731,154551,0.1298800519520069,0
2023-07-28 13:00:35,655.3,304073,45,658.17,58732,154551,0.1298800519520069,0
2023-07-28 13:00:35,655.3,304073,75,658.17,58732,154551,0.1298800519520069,0
2023-07-28 13:00:50,655.3,304148,75,658.17,58757,154476,0.1298800519520069,0
2023-07-28 13:00:50,655.3,304148,36,658.17,58757,154476,0.1298800519520069,0
2023-07-28 13:00:53,655.3,304184,36,658.17,58736,154440,0.1298800519520069,0
2023-07-28 13:00:53,655.3,304184,2,658.17,58736,154440,0.1298800519520069,0
2023-07-28 13:00:58,655.3,304207,21,658.17,58740,154617,0.1298800519520069,0
2023-07-28 13:00:58,655.3,304207,5,658.17,58740,154617,0.1298800519520069,0
2023-07-28 13:00:59,655.3,304244,5,658.17,58736,154546,0.1298800519520069,0
2023-07-28 13:00:59,655.3,304244,5,658.17,58741,154546,0.1298800519520069,0
2023-07-28 13:00:59,655.3,304244,1,658.17,58741,154546,0.1298800519520069,0
2023-07-28 13:01:04,655.3,304245,1,658.17,58541,154545,0.1298800519520069,0
2023-07-28 13:01:04,655.3,304245,1,658.17,58570,154545,0.1298800519520069,0
2023-07-28 13:01:04,655.3,304245,10,658.17,58570,154545,0.1298800519520069,0
2023-07-28 13:01:11,655.3,304255,10,658.17,58636,154535,0.1298800519520069,0
2023-07-28 13:01:11,655.3,304255,10,658.17,58716,154535,0.1298800519520069,0
2023-07-28 13:01:11,655.3,304255,3,658.17,58581,154340,0.1298800519520069,0
2023-07-28 13:01:11,655.3,304255,70,658.17,58581,154340,0.1298800519520069,0
2023-07-28 13:01:19,655.3,304428,70,658.17,58958,153928,0.1298800519520069,0
2023-07-28 13:01:19,655.3,304428,70,658.17,59006,153928,0.1298800519520069,0
2023-07-28 13:01:19,655.3,304428,70,658.17,58996,153928,0.1298800519520069,0
2023-07-28 13:01:19,655.3,304428,70,658.17,58996,153888,0.1298800519520069,0
2023-07-28 13:01:19,655.3,304428,70,658.17,58998,153861,0.1298800519520069,0
2023-07-28 13:01:19,655.4,304428,3,658.17,58998,153861,0.1451600580640128,0
2023-07-28 13:01:36,655.4,304554,3,658.17,58788,154525,0.1451600580640128,0
2023-07-28 13:01:36,655.4,304554,3,658.17,58769,154525,0.1451600580640128,0
2023-07-28 13:01:36,655.4,304554,3,658.17,58759,154525,0.1451600580640128,0
2023-07-28 13:01:36,655.4,304554,3,658.17,58859,154525,0.1451600580640128,0
2023-07-28 13:01:36,655.4,304554,3,658.17,58889,154525,0.1451600580640128,0
2023-07-28 13:01:36,655.4,304554,3,658.17,58889,154563,0.1451600580640128,0
2023-07-28 13:01:36,655.4,304554,3,658.17,58889,154187,0.1451600580640128,0
2023-07-28 13:01:59,655.85,304555,1,658.17,58889,154245,0.21392008556803074,0
2023-07-28 13:01:59,655.85,304555,1,658.17,58886,154245,0.21392008556803074,0
2023-07-28 13:01:59,655.85,304555,2,658.17,58886,154245,0.21392008556803074,0
2023-07-28 13:02:08,655.85,304560,2,658.17,58881,154240,0.21392008556803074,0
2023-07-28 13:02:08,655.85,304560,5,658.17,58881,154240,0.21392008556803074,0
2023-07-28 13:02:12,655.85,304566,1,658.17,58881,154234,0.21392008556803074,0
2023-07-28 13:02:12,655.85,304566,1,658.17,58882,154234,0.21392008556803074,0
2023-07-28 13:02:12,655.85,304566,2,658.17,58882,154234,0.21392008556803074,0
2023-07-28 13:02:16,655.85,304568,2,658.17,58916,154232,0.21392008556803074,0
2023-07-28 13:02:16,655.85,304568,2,658.17,58916,154465,0.21392008556803074,0
2023-07-28 13:02:16,655.85,304568,2,658.17,59104,154387,0.21392008556803074,0
2023-07-28 13:02:16,655.4,304568,12,658.17,59104,154387,0.1451600580640128,0
2023-07-28 13:02:26,655.4,304586,12,658.17,59130,154395,0.1451600580640128,0
2023-07-28 13:02:26,655.4,304586,12,658.17,59130,154395,0.1451600580640128,0
2023-07-28 13:02:26,655.85,304586,1,658.17,59130,154324,0.21392008556803074,0
2023-07-28 13:02:36,655.85,304587,1,658.17,59130,154304,0.21392008556803074,0
2023-07-28 13:02:36,655.85,304587,1,658.17,59135,154304,0.21392008556803074,0
2023-07-28 13:02:36,655.85,304587,1,658.17,59166,154193,0.21392008556803074,0
2023-07-28 13:02:36,655.85,304587,1,658.17,59166,154213,0.21392008556803074,0
2023-07-28 13:02:36,655.85,304587,1,658.17,59146,154213,0.21392008556803074,0
2023-07-28 13:02:36,655.85,304587,5,658.17,59184,154213,0.21392008556803074,0
2023-07-28 13:02:51,655.85,304592,5,658.17,59179,154208,0.21392008556803074,0
2023-07-28 13:02:51,655.85,304592,5,658.17,58984,154098,0.21392008556803074,0
2023-07-28 13:02:51,655.85,304592,5,658.17,58986,154098,0.21392008556803074,0
2023-07-28 13:02:51,655.85,304592,5,658.17,58986,154196,0.21392008556803074,0
2023-07-28 13:02:51,655.85,304592,5,658.17,58986,154197,0.21392008556803074,0
2023-07-28 13:02:51,655.4,304592,3,658.17,58986,154197,0.1451600580640128,0
2023-07-28 13:03:16,655.4,304595,3,658.17,58983,154197,0.1451600580640128,0
2023-07-28 13:03:16,655.4,304595,3,658.17,58983,154433,0.1451600580640128,0
2023-07-28 13:03:16,655.85,304595,42,658.17,58983,154433,0.21392008556803074,0
2023-07-28 13:03:22,655.85,304745,42,658.17,58750,154402,0.21392008556803074,0
2023-07-28 13:03:22,655.3,304745,1,658.17,58750,154402,0.1298800519520069,0
2023-07-28 13:03:27,655.3,304805,1,658.17,58727,154476,0.1298800519520069,0
2023-07-28 13:03:27,655.8,304805,4,658.17,58727,154476,0.2062800825120191,0
2023-07-28 13:03:29,655.8,304809,4,658.17,58732,154434,0.2062800825120191,0
2023-07-28 13:03:29,655.35,304809,4,658.17,58732,154434,0.13752005500801853,0
2023-07-28 13:03:30,655.35,304814,4,658.16,58727,154476,0.13752005500801853,0
2023-07-28 13:03:30,655.35,304814,4,658.16,58737,154426,0.13752005500801853,0
2023-07-28 13:03:41,655.8,304816,2,658.16,58737,154423,0.2062800825120191,0
2023-07-28 13:03:41,655.8,304816,2,658.16,58739,154498,0.2062800825120191,0
2023-07-28 13:03:41,655.75,304816,59,658.16,58739,154498,0.19864007945602483,0
2023-07-28 13:03:46,655.4,304886,1,658.16,58759,154191,0.1451600580640128,0
2023-07-28 13:03:48,655.35,304902,6,658.16,58699,154517,0.13752005500801853,0
2023-07-28 13:03:48,655.35,304902,6,658.16,58699,154517,0.13752005500801853,0
2023-07-28 13:03:48,655.35,304902,6,658.16,58901,154517,0.13752005500801853,0
2023-07-28 13:03:48,655.35,304902,6,658.16,58902,154567,0.13752005500801853,0
2023-07-28 13:03:48,655.35,304902,6,658.16,58911,154569,0.13752005500801853,0
2023-07-28 13:03:48,655.35,304902,4,658.16,58911,154569,0.13752005500801853,0
2023-07-28 13:04:04,655.35,304906,4,658.16,58827,154569,0.13752005500801853,0
2023-07-28 13:04:09,655.35,304910,4,658.16,58823,154565,0.13752005500801853,0
2023-07-28 13:04:09,655.35,304910,4,658.16,58825,154565,0.13752005500801853,0
2023-07-28 13:04:09,655.35,304910,2,658.16,58825,154565,0.13752005500801853,0
2023-07-28 13:04:19,655.35,304912,2,658.16,58823,154556,0.13752005500801853,0
2023-07-28 13:04:19,655.35,304912,2,658.16,58823,154656,0.13752005500801853,0
2023-07-28 13:04:19,655.35,304912,2,658.16,58823,154532,0.13752005500801853,0
2023-07-28 13:04:32,655.4,304915,3,658.16,58821,154607,0.1451600580640128,0
2023-07-28 13:04:32,655.35,304915,152,658.16,58821,154607,0.13752005500801853,0
2023-07-28 13:04:32,655.75,304915,70,658.16,58821,154607,0.19864007945602483,0
2023-07-28 13:04:36,655.75,305185,70,658.16,58604,154608,0.19864007945602483,0
2023-07-28 13:04:36,655.75,305185,70,658.16,58619,154608,0.19864007945602483,0
2023-07-28 13:04:36,655.8,305185,8,658.16,58619,154608,0.2062800825120191,0
2023-07-28 13:04:43,655.8,305209,8,658.16,58971,154147,0.2062800825120191,0
2023-07-28 13:04:43,656.05,305209,13,658.16,58971,154147,0.2444800977920252,0
2023-07-28 13:04:45,656.05,305229,13,658.16,59056,154143,0.2444800977920252,0
2023-07-28 13:04:45,656.05,305229,13,658.16,59058,154143,0.2444800977920252,0
2023-07-28 13:04:45,655.8,305229,25,658.16,59058,154143,0.2062800825120191,0
2023-07-28 13:04:53,655.85,305306,2,658.16,58887,154616,0.21392008556803074,0
2023-07-28 13:04:57,655.85,305322,6,658.16,58838,154598,0.21392008556803074,0
2023-07-28 13:04:57,655.85,305322,6,658.16,58838,154670,0.21392008556803074,0
2023-07-28 13:04:57,655.95,305322,1,658.16,58838,154670,0.22920009168003666,0
2023-07-28 13:05:03,655.95,305422,1,658.16,59184,153960,0.22920009168003666,0
2023-07-28 13:05:03,655.95,305422,1,658.16,59184,154349,0.22920009168003666,0
2023-07-28 13:05:03,655.95,305422,1,658.16,59184,154459,0.22920009168003666,0
2023-07-28 13:05:03,655.95,305422,1,658.16,59184,154462,0.22920009168003666,0
2023-07-28 13:05:03,655.6,305422,13,658.16,59184,154462,0.17572007028802464,0
2023-07-28 13:05:03,655.95,305422,23,658.16,59184,154462,0.22920009168003666,0
2023-07-28 13:05:17,655.95,305460,23,658.16,59064,154465,0.22920009168003666,0
2023-07-28 13:05:17,655.95,305460,23,658.16,59064,154484,0.22920009168003666,0
2023-07-28 13:05:17,655.95,305460,23,658.16,59064,154488,0.22920009168003666,0
2023-07-28 13:05:17,655.95,305460,23,658.16,59158,153991,0.22920009168003666,0
2023-07-28 13:05:34,655.95,305570,10,658.16,59157,154116,0.22920009168003666,0
2023-07-28 13:05:34,655.95,305570,10,658.16,58726,154482,0.22920009168003666,0
2023-07-28 13:05:38,655.9,305580,6,658.16,58726,154464,0.22156008862402501,0
2023-07-28 13:05:38,655.9,305580,6,658.16,58726,154435,0.22156008862402501,0
2023-07-28 13:05:38,655.6,305580,18,658.16,58726,154435,0.17572007028802464,0
2023-07-28 13:05:45,655.6,305598,18,658.16,58705,154435,0.17572007028802464,0
2023-07-28 13:05:45,656.05,305598,5,658.16,58705,154435,0.2444800977920252,0
2023-07-28 13:05:46,656.05,305606,5,658.16,59293,154019,0.2444800977920252,0
2023-07-28 13:05:46,656.05,305606,10,658.16,59293,154019,0.2444800977920252,0
2023-07-28 13:05:48,656.05,305616,10,658.16,59293,154009,0.2444800977920252,0
2023-07-28 13:05:48,656.05,305616,10,658.16,59293,154118,0.2444800977920252,0
2023-07-28 13:05:48,656.05,305616,10,658.16,59293,154113,0.2444800977920252,0
2023-07-28 13:05:48,656.05,305616,10,658.16,59328,154113,0.2444800977920252,0
2023-07-28 13:05:48,656.0,305616,2,658.16,59328,154113,0.23684009473603093,0
2023-07-28 13:06:06,656.0,305622,2,658.16,59328,154107,0.23684009473603093,0
2023-07-28 13:06:06,656.0,305622,2,658.16,59328,154111,0.23684009473603093,0
2023-07-28 13:06:06,656.0,305622,2,658.16,59388,154111,0.23684009473603093,0
2023-07-28 13:06:06,656.0,305622,2,658.16,59388,154056,0.23684009473603093,0
2023-07-28 13:06:06,656.0,305622,2,658.16,59388,154066,0.23684009473603093,0
2023-07-28 13:06:06,656.0,305622,2,658.16,59388,154066,0.23684009473603093,0
2023-07-28 13:06:32,656.0,305624,2,658.16,59387,154064,0.23684009473603093,0
2023-07-28 13:06:32,656.0,305624,2,658.16,59342,154177,0.23684009473603093,0
2023-07-28 13:06:38,655.95,305634,10,658.16,59343,154167,0.22920009168003666,0
2023-07-28 13:06:41,656.2,306234,442,658.15,59447,153296,0.26740010696004274,0
2023-07-28 13:06:41,656.2,306234,442,658.15,59447,153368,0.26740010696004274,0
2023-07-28 13:06:41,656.0,306234,2,658.15,59447,153368,0.23684009473603093,0
2023-07-28 13:06:44,656.0,306236,2,658.15,59448,153436,0.23684009473603093,0
2023-07-28 13:06:44,656.0,306236,2,658.15,59336,153516,0.23684009473603093,0
2023-07-28 13:06:59,656.0,306237,1,658.15,59147,153515,0.23684009473603093,0
2023-07-28 13:06:59,656.0,306237,1,658.15,59146,153525,0.23684009473603093,0
2023-07-28 13:06:59,656.0,306237,1,658.15,59576,153670,0.23684009473603093,0
2023-07-28 13:06:59,656.0,306237,1,658.15,59303,154038,0.23684009473603093,0
2023-07-28 13:06:59,656.0,306237,1,658.15,59303,154138,0.23684009473603093,0
2023-07-28 13:06:59,655.95,306237,15,658.15,59303,154138,0.22920009168003666,0
2023-07-28 13:07:18,655.95,306252,15,658.15,59304,154178,0.22920009168003666,0
2023-07-28 13:07:18,655.95,306252,15,658.15,59303,154123,0.22920009168003666,0
2023-07-28 13:07:18,655.95,306252,13,658.15,59303,154123,0.22920009168003666,0
2023-07-28 13:07:23,655.95,306265,13,658.15,59394,154110,0.22920009168003666,0
2023-07-28 13:07:23,656.0,306265,38,658.15,59394,154110,0.23684009473603093,0
2023-07-28 13:07:30,655.95,306366,1,658.15,59618,153991,0.22920009168003666,0
2023-07-28 13:07:30,655.95,306366,1,658.15,59612,154071,0.22920009168003666,0
2023-07-28 13:07:30,655.95,306366,1,658.15,59393,154177,0.22920009168003666,0
2023-07-28 13:07:30,655.95,306366,1,658.15,59393,154179,0.22920009168003666,0
2023-07-28 13:07:30,655.95,306366,1,658.15,59303,154179,0.22920009168003666,0
2023-07-28 13:07:30,655.6,306366,21,658.15,59303,154179,0.17572007028802464,0
2023-07-28 13:07:51,655.55,306388,1,658.15,59309,154274,0.168080067232013,0
2023-07-28 13:07:51,655.55,306388,10,658.15,59309,154274,0.168080067232013,0
2023-07-28 13:07:52,655.55,306398,20,658.15,59308,154274,0.168080067232013,0
2023-07-28 13:07:54,655.55,306418,20,658.15,59310,154254,0.168080067232013,0
2023-07-28 13:07:54,655.35,306418,1,658.15,59310,154254,0.13752005500801853,0
2023-07-28 13:07:57,655.35,306421,1,658.15,59138,154254,0.13752005500801853,0
2023-07-28 13:07:57,655.55,306421,60,658.15,59138,154254,0.168080067232013,0
2023-07-28 13:07:58,655.55,306481,60,658.15,59138,154361,0.168080067232013,0
2023-07-28 13:07:58,655.55,306481,60,658.15,59139,154361,0.168080067232013,0
2023-07-28 13:07:58,655.55,306481,60,658.15,59188,154329,0.168080067232013,0
2023-07-28 13:07:58,655.55,306481,60,658.15,59278,154329,0.168080067232013,0
2023-07-28 13:07:58,655.55,306481,2,658.15,59278,154329,0.168080067232013,0
2023-07-28 13:08:10,655.55,306483,2,658.15,59314,154281,0.168080067232013,0
2023-07-28 13:08:10,655.35,306483,10,658.15,59314,154281,0.13752005500801853,0
2023-07-28 13:08:10,655.35,306483,1,658.15,59314,154281,0.13752005500801853,0
2023-07-28 13:08:12,655.35,306494,1,658.15,59343,154281,0.13752005500801853,0
2023-07-28 13:08:12,655.35,306494,1,658.15,59353,154272,0.13752005500801853,0
2023-07-28 13:08:12,655.35,306494,1,658.15,59182,154412,0.13752005500801853,0
2023-07-28 13:08:12,655.35,306494,1,658.15,59182,154477,0.13752005500801853,0
2023-07-28 13:08:12,655.35,306494,1,658.15,59182,154362,0.13752005500801853,0
2023-07-28 13:08:12,655.35,306494,1,658.15,59182,154422,0.13752005500801853,0
2023-07-28 13:08:12,655.35,306494,1,658.15,59302,154422,0.13752005500801853,0
2023-07-28 13:08:12,655.35,306494,50,658.15,59302,154422,0.13752005500801853,0
2023-07-28 13:08:12,655.3,306494,29,658.15,59302,154422,0.1298800519520069,0
2023-07-28 13:08:29,655.3,306605,29,658.15,58942,154684,0.1298800519520069,0
2023-07-28 13:08:29,655.3,306605,29,658.15,58952,154634,0.1298800519520069,0
2023-07-28 13:08:29,655.3,306605,29,658.15,58960,154724,0.1298800519520069,0
2023-07-28 13:08:29,655.0,306605,22,658.15,58960,154724,0.0840400336160065,0
2023-07-28 13:08:36,655.0,312396,22,658.09,53268,154790,0.0840400336160065,0
2023-07-28 13:08:36,655.0,312396,22,658.09,53506,154765,0.0840400336160065,0
2023-07-28 13:08:36,655.0,312396,22,658.09,53507,154765,0.0840400336160065,0
2023-07-28 13:08:36,655.0,312396,81,658.09,53507,154765,0.0840400336160065,0
2023-07-28 13:08:44,655.0,312479,81,658.09,53362,154675,0.0840400336160065,0
2023-07-28 13:08:44,655.0,312479,20,658.09,53362,154675,0.0840400336160065,0
2023-07-28 13:08:44,655.0,312479,10,658.09,53362,154675,0.0840400336160065,0
2023-07-28 13:08:47,655.0,312793,10,658.09,53193,154569,0.0840400336160065,0
2023-07-28 13:08:47,654.9,312793,1,658.09,53193,154569,0.06876002750400058,0
2023-07-28 13:08:49,654.9,312794,1,658.09,53163,154678,0.06876002750400058,0
2023-07-28 13:08:49,654.9,312794,1,658.09,53163,154678,0.06876002750400058,0
2023-07-28 13:08:49,655.2,312794,10,658.09,53163,154678,0.11460004584001833,0
2023-07-28 13:08:54,655.2,312834,10,658.09,53170,154668,0.11460004584001833,0
2023-07-28 13:08:59,655.2,312849,7,658.09,53220,155703,0.11460004584001833,0
2023-07-28 13:08:59,655.15,312849,10,658.09,53220,155703,0.10696004278400668,0
2023-07-28 13:09:07,655.15,312859,10,658.09,53220,155693,0.10696004278400668,0
2023-07-28 13:09:07,655.15,312859,10,658.09,53220,155693,0.10696004278400668,0
2023-07-28 13:09:07,655.15,312859,10,658.09,53220,155744,0.10696004278400668,0
2023-07-28 13:09:07,655.15,312859,25,658.09,53220,155744,0.10696004278400668,0
2023-07-28 13:09:14,655.15,312884,25,658.09,53250,155600,0.10696004278400668,0
2023-07-28 13:09:14,655.15,312884,25,658.09,53354,155519,0.10696004278400668,0
2023-07-28 13:09:14,655.15,312884,25,658.09,53295,155519,0.10696004278400668,0
2023-07-28 13:09:14,655.15,312884,25,658.09,53305,155474,0.10696004278400668,0
2023-07-28 13:09:14,655.15,312884,10,658.09,53305,155474,0.10696004278400668,0
2023-07-28 13:09:24,655.15,312894,10,658.09,53409,155501,0.10696004278400668,0
2023-07-28 13:09:28,655.15,312956,62,658.09,54313,155013,0.10696004278400668,0
2023-07-28 13:09:28,655.15,312956,62,658.09,54313,155013,0.10696004278400668,0
2023-07-28 13:09:28,655.15,312956,62,658.09,54538,154928,0.10696004278400668,0
2023-07-28 13:09:28,655.7,312956,1,658.09,54538,154928,0.19100007640003056,0
2023-07-28 13:09:36,655.7,312957,1,658.09,54404,154926,0.19100007640003056,0
2023-07-28 13:09:36,655.7,312957,1,658.09,54404,154800,0.19100007640003056,0
2023-07-28 13:09:36,655.7,312957,1,658.09,54424,154800,0.19100007640003056,0
2023-07-28 13:09:36,655.7,312957,1,658.09,54439,154800,0.19100007640003056,0
2023-07-28 13:09:36,655.7,312957,1,658.09,54448,154800,0.19100007640003056,0
2023-07-28 13:09:36,655.7,312957,1,658.09,54639,154800,0.19100007640003056,0
2023-07-28 13:09:36,656.0,312957,38,658.09,54639,154800,0.23684009473603093,0
2023-07-28 13:09:54,656.0,313207,38,658.09,54708,154455,0.23684009473603093,0
2023-07-28 13:09:54,656.0,313207,38,658.09,54774,154847,0.23684009473603093,0
2023-07-28 13:09:54,656.0,313207,38,658.09,54762,154845,0.23684009473603093,0
2023-07-28 13:09:54,656.0,313207,38,658.09,54762,154956,0.23684009473603093,0
2023-07-28 13:09:54,656.0,313207,38,658.09,54762,155010,0.23684009473603093,0
2023-07-28 13:09:54,655.85,313207,2,658.09,54762,155010,0.21392008556803074,0
2023-07-28 13:10:08,655.85,313209,2,658.09,54770,154972,0.21392008556803074,0
2023-07-28 13:10:08,655.85,313209,2,658.09,54770,154972,0.21392008556803074,0
2023-07-28 13:10:08,655.85,313209,5,658.09,54770,154972,0.21392008556803074,0
2023-07-28 13:10:08,655.5,313209,10,658.09,54770,154972,0.16044006417601872,0
2023-07-28 13:10:13,655.5,313234,10,658.09,54769,154967,0.16044006417601872,0
2023-07-28 13:10:13,655.5,313234,10,658.09,54799,154967,0.16044006417601872,0
2023-07-28 13:10:13,655.5,313234,10,658.09,54927,154967,0.16044006417601872,0
2023-07-28 13:10:13,655.5,313234,10,658.09,54931,154967,0.16044006417601872,0
2023-07-28 13:10:13,655.5,313234,10,658.09,54931,154961,0.16044006417601872,0
2023-07-28 13:10:13,655.5,313234,10,658.09,54996,154961,0.16044006417601872,0
2023-07-28 13:10:13,655.5,313234,10,658.09,55001,154961,0.16044006417601872,0
2023-07-28 13:10:13,655.85,313234,10,658.09,55001,154961,0.21392008556803074,0
2023-07-28 13:10:41,655.85,313244,10,658.09,55001,154967,0.21392008556803074,0
2023-07-28 13:10:49,655.85,313299,50,658.08,55056,154749,0.21392008556803074,0
2023-07-28 13:10:49,655.85,313299,50,658.08,55086,154759,0.21392008556803074,0
2023-07-28 13:10:49,655.85,313299,50,658.08,55088,154757,0.21392008556803074,0
2023-07-28 13:10:49,656.0,313299,34,658.08,55088,154757,0.23684009473603093,0
2023-07-28 13:10:55,656.0,313349,34,658.08,55088,154505,0.23684009473603093,0
2023-07-28 13:10:55,656.0,313349,250,658.08,55088,154505,0.23684009473603093,0
2023-07-28 13:11:02,656.0,313599,250,658.08,55121,154318,0.23684009473603093,0
2023-07-28 13:11:02,656.0,313599,250,658.08,55121,154318,0.23684009473603093,0
2023-07-28 13:11:02,656.0,313599,250,658.08,54971,154228,0.23684009473603093,0
2023-07-28 13:11:02,656.0,313599,250,658.08,54970,154228,0.23684009473603093,0
2023-07-28 13:11:02,656.0,313599,250,658.08,54976,154228,0.23684009473603093,0
2023-07-28 13:11:02,656.0,313599,10,658.08,54976,154228,0.23684009473603093,0
2023-07-28 13:11:02,656.0,313599,1,658.08,54976,154228,0.23684009473603093,0
2023-07-28 13:11:02,656.0,313599,153,658.08,54976,154228,0.23684009473603093,0
2023-07-28 13:11:24,656.0,313763,153,658.08,55071,154172,0.23684009473603093,0
2023-07-28 13:11:24,655.6,313763,2,658.08,55071,154172,0.17572007028802464,0
2023-07-28 13:11:28,655.6,313765,2,658.08,55069,154172,0.17572007028802464,0
2023-07-28 13:11:28,656.0,313765,1,658.08,55069,154172,0.23684009473603093,0
2023-07-28 13:11:31,656.0,313766,1,658.08,55069,154171,0.23684009473603093,0
2023-07-28 13:11:31,656.0,313766,1,658.08,55069,154171,0.23684009473603093,0
2023-07-28 13:11:32,656.0,313767,1,658.08,55069,154170,0.23684009473603093,0
2023-07-28 13:11:32,656.0,313767,1,658.08,55061,154170,0.23684009473603093,0
2023-07-28 13:11:32,656.0,313767,1,658.08,55062,154170,0.23684009473603093,0
2023-07-28 13:11:32,656.0,313767,1,658.08,55078,154293,0.23684009473603093,0
2023-07-28 13:11:32,655.95,313767,13,658.08,55078,154293,0.22920009168003666,0
2023-07-28 13:11:54,655.95,313788,8,658.08,55083,154302,0.22920009168003666,0
2023-07-28 13:12:02,655.95,313883,76,658.08,55102,154149,0.22920009168003666,0
2023-07-28 13:12:02,655.95,313883,76,658.08,55102,154149,0.22920009168003666,0
2023-07-28 13:12:02,655.95,313883,1,658.08,55102,154149,0.22920009168003666,0
2023-07-28 13:12:05,655.95,313884,1,658.08,55127,154155,0.22920009168003666,0
2023-07-28 13:12:05,655.95,313884,1,658.08,55127,154175,0.22920009168003666,0
2023-07-28 13:12:05,655.95,313884,1,658.08,55103,154241,0.22920009168003666,0
2023-07-28 13:12:05,655.95,313884,3,658.08,55103,154241,0.22920009168003666,0
2023-07-28 13:12:11,655.95,313887,3,658.08,55103,154238,0.22920009168003666,0
2023-07-28 13:12:11,655.95,313887,3,658.08,55103,153884,0.22920009168003666,0
2023-07-28 13:12:11,655.95,313887,20,658.08,55103,153884,0.22920009168003666,0
2023-07-28 13:12:11,655.35,313887,8,658.08,55103,153884,0.13752005500801853,0
2023-07-28 13:12:24,655.35,313962,8,658.08,55021,153956,0.13752005500801853,0
2023-07-28 13:12:28,655.95,313964,2,658.08,55155,153954,0.22920009168003666,0
2023-07-28 13:12:28,655.95,313964,2,658.08,55160,153954,0.22920009168003666,0
2023-07-28 13:12:28,655.9,313964,1,658.08,55160,153954,0.22156008862402501,0
2023-07-28 13:12:35,655.9,313965,1,658.08,55160,153952,0.22156008862402501,0
2023-07-28 13:12:35,655.9,313965,1,658.08,55160,153952,0.22156008862402501,0
2023-07-28 13:12:37,655.9,313966,1,658.08,55161,153951,0.22156008862402501,0
2023-07-28 13:12:37,655.95,313966,14,658.08,55161,153951,0.22920009168003666,0
2023-07-28 13:12:46,655.4,313986,35,658.08,55211,153931,0.1451600580640128,0
2023-07-28 13:12:49,655.4,314108,35,658.08,55031,153894,0.1451600580640128,0
2023-07-28 13:12:49,655.9,314108,1,658.08,55031,153894,0.22156008862402501,0
2023-07-28 13:12:53,655.9,314209,1,658.08,55211,153927,0.22156008862402501,0
2023-07-28 13:12:53,655.9,314209,1,658.08,55106,153927,0.22156008862402501,0
2023-07-28 13:12:58,655.95,314219,10,658.08,55106,153917,0.22920009168003666,0
2023-07-28 13:12:58,655.95,314219,10,658.08,55106,153919,0.22920009168003666,0
2023-07-28 13:12:58,655.95,314219,10,658.08,55106,153919,0.22920009168003666,0
2023-07-28 13:12:58,655.9,314219,6,658.08,55106,153919,0.22156008862402501,0
2023-07-28 13:13:08,655.9,314227,6,658.08,55117,153911,0.22156008862402501,0
2023-07-28 13:13:08,655.9,314227,6,658.08,55117,153911,0.22156008862402501,0
2023-07-28 13:13:08,655.9,314227,1,658.08,55117,153911,0.22156008862402501,0
2023-07-28 13:13:13,655.9,314247,1,658.08,55035,153825,0.22156008862402501,0
2023-07-28 13:13:13,655.9,314247,1,658.08,55040,153840,0.22156008862402501,0
2023-07-28 13:13:13,655.9,314247,1,658.08,55090,153840,0.22156008862402501,0
2023-07-28 13:13:13,655.9,314247,1,658.08,55130,153840,0.22156008862402501,0
2023-07-28 13:13:33,655.95,314248,1,658.08,55130,153839,0.22920009168003666,0
2023-07-28 13:13:33,655.95,314248,7,658.08,55130,153839,0.22920009168003666,0
2023-07-28 13:13:34,655.95,314265,7,658.08,55120,153832,0.22920009168003666,0
2023-07-28 13:13:38,655.9,314271,6,658.08,55114,153833,0.22156008862402501,0
2023-07-28 13:13:38,655.95,314271,100,658.08,55114,153833,0.22920009168003666,0
2023-07-28 13:13:40,655.95,314371,100,658.08,55115,153732,0.22920009168003666,0
2023-07-28 13:13:40,655.95,314371,100,658.08,55232,153732,0.22920009168003666,0
2023-07-28 13:13:40,655.95,314371,1,658.08,55232,153732,0.22920009168003666,0
2023-07-28 13:13:56,655.95,314372,1,658.08,55233,153731,0.22920009168003666,0
2023-07-28 13:13:56,655.95,314372,1,658.08,55352,153731,0.22920009168003666,0
2023-07-28 13:13:56,655.95,314372,253,658.08,55352,153731,0.22920009168003666,0
2023-07-28 13:14:11,655.95,314625,253,658.08,55449,153381,0.22920009168003666,0
2023-07-28 13:14:11,655.9,314625,10,658.08,55449,153381,0.22156008862402501,0
2023-07-28 13:14:14,655.9,314635,10,658.08,55439,153381,0.22156008862402501,0
2023-07-28 13:14:14,655.9,314635,10,658.08,55439,153401,0.22156008862402501,0
2023-07-28 13:14:14,655.9,314635,10,658.08,55439,153421,0.22156008862402501,0
2023-07-28 13:14:14,655.9,314635,10,658.08,55499,153421,0.22156008862402501,0
2023-07-28 13:14:14,655.9,314635,10,658.08,55539,153421,0.22156008862402501,0
2023-07-28 13:14:34,656.0,314695,9,658.08,55539,153361,0.23684009473603093,0
2023-07-28 13:14:34,656.0,314695,9,658.08,55429,153381,0.23684009473603093,0
2023-07-28 13:14:34,656.0,314695,9,658.08,55464,153319,0.23684009473603093,0
2023-07-28 13:14:34,656.0,314695,9,658.08,55514,153319,0.23684009473603093,0
2023-07-28 13:14:34,656.0,314695,9,658.08,55564,153319,0.23684009473603093,0
2023-07-28 13:14:34,656.0,314695,3,658.08,55564,153319,0.23684009473603093,0
2023-07-28 13:14:43,656.0,314699,3,658.08,55609,153315,0.23684009473603093,0
2023-07-28 13:14:43,655.9,314699,25,658.08,55609,153315,0.22156008862402501,0
2023-07-28 13:14:48,655.9,314724,25,658.07,55584,153367,0.22156008862402501,0
2023-07-28 13:14:48,656.0,314724,20,658.07,55604,153365,0.23684009473603093,0
2023-07-28 13:14:53,656.0,314748,20,658.07,55692,153271,0.23684009473603093,0
2023-07-28 13:15:00,656.2,314751,3,658.07,55692,153268,0.26740010696004274,0
2023-07-28 13:15:00,656.2,314751,3,658.07,55702,153268,0.26740010696004274,0
2023-07-28 13:15:00,656.2,314751,40,658.07,55702,153268,0.26740010696004274,0
2023-07-28 13:15:11,656.2,314791,40,658.07,55663,153228,0.26740010696004274,0
2023-07-28 13:15:11,656.2,314791,40,658.07,55723,153228,0.26740010696004274,0
2023-07-28 13:15:11,656.2,314791,40,658.07,55723,153328,0.26740010696004274,0
2023-07-28 13:15:11,656.2,314791,40,658.07,55723,153423,0.26740010696004274,0
2023-07-28 13:15:30,656.2,314811,20,658.07,55703,153403,0.26740010696004274,0
2023-07-28 13:15:31,656.2,314836,25,658.07,55749,153378,0.26740010696004274,0
2023-07-28 13:15:31,656.2,314836,25,658.07,55879,153378,0.26740010696004274,0
2023-07-28 13:15:31,656.2,314836,25,658.07,55879,153328,0.26740010696004274,0
2023-07-28 13:15:31,656.2,314836,25,658.07,55890,153328,0.26740010696004274,0
2023-07-28 13:15:31,656.2,314836,25,658.07,55896,153336,0.26740010696004274,0
2023-07-28 13:15:52,656.2,315064,8,658.07,55996,152896,0.26740010696004274,0
2023-07-28 13:15:52,656.2,315064,8,658.07,56051,152896,0.26740010696004274,0
2023-07-28 13:15:57,656.5,315068,4,658.07,56051,152892,0.31324012529604317,0
2023-07-28 13:15:57,656.5,315068,10,658.07,56051,152892,0.31324012529604317,0
2023-07-28 13:15:59,656.5,315093,10,658.07,56120,152917,0.31324012529604317,0
2023-07-28 13:15:59,656.5,315093,32,658.07,56120,152917,0.31324012529604317,0
2023-07-28 13:15:59,656.1,315093,18,658.07,56120,152917,0.2521201008480368,0
2023-07-28 13:16:06,656.1,315143,18,658.07,56097,152885,0.2521201008480368,0
2023-07-28 13:16:06,656.1,315143,18,658.07,56097,152910,0.2521201008480368,0
2023-07-28 13:16:06,656.1,315143,18,658.07,56097,152910,0.2521201008480368,0
2023-07-28 13:16:06,656.1,315143,18,658.07,55932,152865,0.2521201008480368,0
2023-07-28 13:16:06,656.1,315143,18,658.07,55934,152865,0.2521201008480368,0
2023-07-28 13:16:06,656.1,315143,18,658.07,55936,152865,0.2521201008480368,0
2023-07-28 13:16:06,656.1,315143,18,658.07,55937,152871,0.2521201008480368,0
2023-07-28 13:16:06,656.5,315143,22,658.07,55937,152871,0.31324012529604317,0
2023-07-28 13:16:29,656.5,315165,22,658.07,55915,152849,0.31324012529604317,0
2023-07-28 13:16:29,656.5,315165,22,658.07,55887,152849,0.31324012529604317,0
2023-07-28 13:16:29,656.5,315165,26,658.07,55887,152849,0.31324012529604317,0
2023-07-28 13:16:38,656.5,315191,26,658.07,55960,152823,0.31324012529604317,0
2023-07-28 13:16:38,656.5,315191,1,658.07,55960,152823,0.31324012529604317,0
2023-07-28 13:16:38,656.5,315191,38,658.07,55960,152823,0.31324012529604317,0
2023-07-28 13:16:40,656.5,315239,38,658.07,55953,152875,0.31324012529604317,0
2023-07-28 13:16:40,656.5,315239,38,658.07,55954,152879,0.31324012529604317,0
2023-07-28 13:16:40,656.5,315239,38,658.07,55954,152734,0.31324012529604317,0
2023-07-28 13:16:55,656.5,315250,10,658.07,55956,152723,0.31324012529604317,0
2023-07-28 13:16:55,656.5,315250,12,658.07,55956,152723,0.31324012529604317,0
2023-07-28 13:16:59,656.5,315262,12,658.07,55956,152658,0.31324012529604317,0
2023-07-28 13:16:59,656.5,315262,12,658.07,55985,152658,0.31324012529604317,0
2023-07-28 13:16:59,656.1,315262,1,658.07,55985,152658,0.2521201008480368,0
2023-07-28 13:17:05,656.1,315263,1,658.07,55986,152660,0.2521201008480368,0
2023-07-28 13:17:05,656.1,315263,1,658.07,56008,152658,0.2521201008480368,0
2023-07-28 13:17:05,656.1,315263,1,658.07,56108,152658,0.2521201008480368,0
2023-07-28 13:17:05,656.1,315263,1,658.07,56079,152658,0.2521201008480368,0
2023-07-28 13:17:05,656.1,315263,1,658.07,56079,152658,0.2521201008480368,0
2023-07-28 13:17:05,656.1,315263,1,658.07,56069,152658,0.2521201008480368,0
2023-07-28 13:17:05,656.1,315263,1,658.07,56070,152743,0.2521201008480368,0
2023-07-28 13:17:05,656.05,315263,6,658.07,56070,152743,0.2444800977920252,0
2023-07-28 13:17:25,656.05,315269,6,658.07,56066,152743,0.2444800977920252,0
2023-07-28 13:17:25,656.5,315269,1,658.07,56066,152743,0.31324012529604317,0
2023-07-28 13:17:29,656.5,315270,1,658.07,56067,152742,0.31324012529604317,0
2023-07-28 13:17:29,656.5,315270,22,658.07,56067,152742,0.31324012529604317,0
2023-07-28 13:17:31,656.5,315300,22,658.07,56067,152742,0.31324012529604317,0
2023-07-28 13:17:41,655.9,315500,8,658.07,55547,153250,0.22156008862402501,0
2023-07-28 13:17:41,655.9,315500,8,658.07,55797,153297,0.22156008862402501,0
2023-07-28 13:17:41,656.35,315500,24,658.07,55797,153297,0.290320116128043,0
2023-07-28 13:17:44,656.35,315545,24,658.07,55976,153085,0.290320116128043,0
2023-07-28 13:17:44,656.5,315545,15,658.07,55976,153085,0.31324012529604317,0
2023-07-28 13:17:50,656.5,315560,15,658.07,55906,153070,0.31324012529604317,0
2023-07-28 13:17:50,656.0,315560,10,658.07,55906,153070,0.23684009473603093,0
2023-07-28 13:17:52,656.0,315570,10,658.07,55896,153070,0.23684009473603093,0
2023-07-28 13:17:52,656.0,315570,10,658.07,56168,153020,0.23684009473603093,0
2023-07-28 13:17:52,656.0,315570,10,658.07,56223,153008,0.23684009473603093,0
2023-07-28 13:17:52,656.0,315570,10,658.07,56223,153102,0.23684009473603093,0
2023-07-28 13:17:52,656.0,315570,10,658.07,56223,153052,0.23684009473603093,0
2023-07-28 13:17:52,656.0,315570,10,658.07,56273,153052,0.23684009473603093,0
2023-07-28 13:17:52,656.0,315570,10,658.07,56300,153052,0.23684009473603093,0
2023-07-28 13:17:52,656.0,315570,10,658.07,56300,153052,0.23684009473603093,0
2023-07-28 13:17:52,656.0,315570,10,658.07,56350,153052,0.23684009473603093,0
2023-07-28 13:17:52,656.0,315570,10,658.07,56355,153052,0.23684009473603093,0
2023-07-28 13:17:52,656.0,315570,10,658.07,56357,153052,0.23684009473603093,0
2023-07-28 13:17:52,656.5,315570,20,658.07,56357,153052,0.31324012529604317,0
2023-07-28 13:17:52,656.5,315570,3,658.07,56357,153052,0.31324012529604317,0
2023-07-28 13:18:49,656.5,315593,3,658.07,56507,152954,0.31324012529604317,0
2023-07-28 13:18:53,656.5,315693,10,658.07,56603,152904,0.31324012529604317,0
2023-07-28 13:18:53,656.5,315693,50,658.07,56603,152904,0.31324012529604317,0
2023-07-28 13:18:54,656.5,315743,50,658.07,56723,152825,0.31324012529604317,0
2023-07-28 13:18:54,656.5,315743,50,658.07,56745,152825,0.31324012529604317,0
2023-07-28 13:18:54,656.5,315743,1,658.07,56745,152825,0.31324012529604317,0
2023-07-28 13:19:02,656.5,315744,1,658.07,56745,152649,0.31324012529604317,0
2023-07-28 13:19:02,656.5,315744,1,658.07,56745,152659,0.31324012529604317,0
2023-07-28 13:19:02,656.5,315744,1,658.07,56737,152659,0.31324012529604317,0
2023-07-28 13:19:02,656.5,315744,44,658.07,56737,152659,0.31324012529604317,0
2023-07-28 13:19:14,656.5,316057,44,658.07,56791,152665,0.31324012529604317,0
2023-07-28 13:19:14,656.5,316057,1,658.07,56791,152665,0.31324012529604317,0
2023-07-28 13:19:17,656.5,316058,1,658.07,56794,152664,0.31324012529604317,0
2023-07-28 13:19:17,656.25,316058,3,658.07,56794,152664,0.27504011001603706,0
2023-07-28 13:19:18,656.25,316061,3,658.07,56788,152631,0.27504011001603706,0
2023-07-28 13:19:18,656.5,316061,3,658.07,56788,152631,0.31324012529604317,0
2023-07-28 13:19:25,656.5,316064,3,658.07,56789,152628,0.31324012529604317,0
2023-07-28 13:19:25,656.5,316064,1,658.07,56789,152628,0.31324012529604317,0
2023-07-28 13:19:34,656.1,316183,67,658.07,56686,152834,0.2521201008480368,0
2023-07-28 13:19:34,656.1,316183,67,658.07,56686,152834,0.2521201008480368,0
2023-07-28 13:19:34,656.1,316183,67,658.07,56671,152861,0.2521201008480368,0
2023-07-28 13:19:34,656.1,316183,67,658.07,56771,152911,0.2521201008480368,0
2023-07-28 13:19:46,656.5,316184,1,658.07,56746,152910,0.31324012529604317,0
2023-07-28 13:19:46,656.5,316184,2,658.07,56746,152910,0.31324012529604317,0
2023-07-28 13:19:47,656.5,316186,2,658.07,56668,152910,0.31324012529604317,0
2023-07-28 13:19:47,656.5,316186,32,658.07,56668,152910,0.31324012529604317,0
2023-07-28 13:19:49,656.5,316286,32,658.07,56647,152964,0.31324012529604317,0
2023-07-28 13:19:49,656.5,316286,8,658.07,56647,152964,0.31324012529604317,0
2023-07-28 13:19:51,656.5,316294,8,658.07,56648,152956,0.31324012529604317,0
2023-07-28 13:19:51,656.5,316294,8,658.07,56648,152956,0.31324012529604317,0
2023-07-28 13:19:51,656.5,316294,8,658.07,56648,152976,0.31324012529604317,0
2023-07-28 13:20:02,656.5,316295,1,658.07,56648,152975,0.31324012529604317,0
2023-07-28 13:20:02,656.5,316295,1,658.07,56649,152975,0.31324012529604317,0
2023-07-28 13:20:02,656.5,316295,1,658.07,56604,152975,0.31324012529604317,0
2023-07-28 13:20:02,656.5,316295,2,658.07,56604,152975,0.31324012529604317,0
2023-07-28 13:20:02,656.5,316295,3,658.07,56604,152975,0.31324012529604317,0
2023-07-28 13:20:18,656.5,316300,3,658.07,56604,152970,0.31324012529604317,0
2023-07-28 13:20:18,656.5,316300,3,658.07,56697,152970,0.31324012529604317,0
2023-07-28 13:20:18,656.5,316300,6,658.07,56697,152970,0.31324012529604317,0
2023-07-28 13:20:26,656.5,316700,6,658.06,56842,152927,0.31324012529604317,0
2023-07-28 13:20:26,656.5,316700,6,658.06,56842,153629,0.31324012529604317,0
2023-07-28 13:20:26,656.5,316700,45,658.06,56842,153629,0.31324012529604317,0
2023-07-28 13:20:31,656.5,316909,45,658.06,56971,152940,0.31324012529604317,0
2023-07-28 13:20:31,656.5,316909,45,658.06,56971,153201,0.31324012529604317,0
2023-07-28 13:20:31,656.5,316909,45,658.06,56979,153201,0.31324012529604317,0
2023-07-28 13:20:31,656.5,316909,45,658.06,56980,153201,0.31324012529604317,0
2023-07-28 13:20:31,656.5,316909,45,658.06,56982,153201,0.31324012529604317,0
2023-07-28 13:20:31,656.5,316909,45,658.06,56982,153228,0.31324012529604317,0
2023-07-28 13:21:03,656.9,316914,5,658.06,56982,153223,0.37436014974404946,0
2023-07-28 13:21:03,656.9,316914,5,658.06,56917,153223,0.37436014974404946,0
2023-07-28 13:21:03,656.9,316914,5,658.06,56918,153223,0.37436014974404946,0
2023-07-28 13:21:03,656.9,316914,5,658.06,56993,153223,0.37436014974404946,0
2023-07-28 13:21:03,656.9,316914,10,658.06,56993,153223,0.37436014974404946,0
2023-07-28 13:21:11,656.9,316924,10,658.06,56993,153282,0.37436014974404946,0
2023-07-28 13:21:11,656.9,316924,10,658.06,57063,153282,0.37436014974404946,0
2023-07-28 13:21:11,656.9,316924,2,658.06,56868,153237,0.37436014974404946,0
2023-07-28 13:21:11,656.9,316924,1,658.06,56868,153237,0.37436014974404946,0
2023-07-28 13:21:18,656.9,316927,10,658.06,56868,153634,0.37436014974404946,0
2023-07-28 13:21:19,656.9,317027,10,658.06,56985,153607,0.37436014974404946,0
2023-07-28 13:21:19,656.9,317027,10,658.06,56985,153607,0.37436014974404946,0
2023-07-28 13:21:19,657.25,317027,32,658.06,56985,153607,0.4278401711360615,0
2023-07-28 13:21:24,657.35,317137,2,658.06,57905,153069,0.4431201772480674,0
2023-07-28 13:21:25,657.0,317253,110,658.06,58114,153063,0.3896401558560554,0
2023-07-28 13:21:25,657.0,317253,110,658.06,58112,153063,0.3896401558560554,0
2023-07-28 13:21:25,657.0,317253,110,658.06,58193,153113,0.3896401558560554,0
2023-07-28 13:21:38,657.35,317259,5,658.06,58209,153116,0.4431201772480674,0
2023-07-28 13:21:38,657.35,317259,5,658.06,58209,153137,0.4431201772480674,0
2023-07-28 13:21:38,657.35,317259,5,658.06,58209,153137,0.4431201772480674,0
2023-07-28 13:21:42,657.35,317264,5,658.06,58199,153132,0.4431201772480674,0
2023-07-28 13:21:42,657.35,317264,1,658.06,58199,153132,0.4431201772480674,0
2023-07-28 13:21:45,657.35,317267,1,658.06,58149,153136,0.4431201772480674,0
2023-07-28 13:21:49,657.35,317282,9,658.06,58199,153137,0.4431201772480674,0
2023-07-28 13:21:49,657.35,317282,9,658.06,58199,153120,0.4431201772480674,0
2023-07-28 13:21:49,657.35,317282,3,658.06,58199,153120,0.4431201772480674,0
2023-07-28 13:21:52,657.35,317285,3,658.06,58209,153061,0.4431201772480674,0
2023-07-28 13:21:52,657.35,317285,3,658.06,58309,152931,0.4431201772480674,0
2023-07-28 13:21:52,657.35,317285,3,658.06,58394,152931,0.4431201772480674,0
2023-07-28 13:21:52,657.2,317285,14,658.06,58394,152931,0.4202001680800672,0
2023-07-28 13:21:52,657.3,317285,10,658.06,58394,152931,0.43548017419205576,0
2023-07-28 13:22:02,657.3,317359,10,658.06,58216,153043,0.43548017419205576,0
2023-07-28 13:22:02,657.3,317359,10,658.06,58222,153043,0.43548017419205576,0
2023-07-28 13:22:02,657.3,317359,10,658.06,58303,153122,0.43548017419205576,0
2023-07-28 13:22:02,657.3,317359,10,658.06,58149,153138,0.43548017419205576,0
2023-07-28 13:22:02,657.3,317359,10,658.06,58150,153138,0.43548017419205576,0
2023-07-28 13:22:02,657.3,317359,2,658.06,58150,153138,0.43548017419205576,0
2023-07-28 13:22:17,657.3,317361,2,658.06,58150,153136,0.43548017419205576,0
2023-07-28 13:22:17,657.3,317361,1,658.06,58150,153136,0.43548017419205576,0
2023-07-28 13:22:22,657.3,317362,1,658.06,58150,153135,0.43548017419205576,0
2023-07-28 13:22:32,657.3,317367,1,658.06,58150,153130,0.43548017419205576,0
2023-07-28 13:22:32,657.3,317367,1,658.06,58157,153137,0.43548017419205576,0
2023-07-28 13:22:32,657.3,317367,1,658.06,58157,153137,0.43548017419205576,0
2023-07-28 13:22:40,657.3,317368,1,658.06,58157,153136,0.43548017419205576,0
2023-07-28 13:22:40,656.95,317368,1,658.06,58172,153136,0.3820001528000611,0
2023-07-28 13:22:43,656.95,317369,1,658.06,58171,153136,0.3820001528000611,0
2023-07-28 13:22:43,657.3,317369,10,658.06,58171,153136,0.43548017419205576,0
2023-07-28 13:22:45,657.3,317586,10,658.06,57867,153084,0.43548017419205576,0
2023-07-28 13:22:45,657.3,317586,10,658.06,57859,153084,0.43548017419205576,0
2023-07-28 13:22:45,657.5,317586,357,658.06,57859,153084,0.4660401864160676,0
2023-07-28 13:22:50,657.5,318022,357,658.06,57801,152571,0.4660401864160676,0
2023-07-28 13:22:50,657.5,318022,357,658.06,57801,152454,0.4660401864160676,0
2023-07-28 13:22:50,657.5,318022,357,658.06,57651,152295,0.4660401864160676,0
2023-07-28 13:22:50,657.5,318022,4,658.06,57651,152295,0.4660401864160676,0
2023-07-28 13:22:50,657.5,318022,5,658.06,57651,152295,0.4660401864160676,0
2023-07-28 13:22:58,657.5,318031,5,658.06,57699,152396,0.4660401864160676,0
2023-07-28 13:22:58,657.5,318031,5,658.06,57749,152396,0.4660401864160676,0
2023-07-28 13:22:58,657.5,318031,7,658.06,57749,152396,0.4660401864160676,0
2023-07-28 13:23:03,657.5,318038,7,658.06,57774,152389,0.4660401864160676,0
2023-07-28 13:23:03,657.5,318038,7,658.06,57861,152389,0.4660401864160676,0
2023-07-28 13:23:03,657.5,318038,7,658.06,57877,152389,0.4660401864160676,0
2023-07-28 13:23:03,657.5,318038,10,658.06,57877,152389,0.4660401864160676,0
2023-07-28 13:23:09,657.5,318599,10,658.06,58066,151925,0.4660401864160676,0
2023-07-28 13:23:09,657.5,318599,10,658.06,58066,151929,0.4660401864160676,0
2023-07-28 13:23:09,657.5,318599,10,658.06,58151,151930,0.4660401864160676,0
2023-07-28 13:23:09,657.85,318599,2,658.06,58151,151930,0.5195202078080796,0
2023-07-28 13:23:15,657.85,318601,2,658.06,58053,151978,0.5195202078080796,0
2023-07-28 13:23:15,657.85,318601,2,658.06,58053,151977,0.5195202078080796,0
2023-07-28 13:23:15,657.85,318601,2,658.06,58054,151977,0.5195202078080796,0
2023-07-28 13:23:15,657.85,318601,2,658.06,58022,151976,0.5195202078080796,0
2023-07-28 13:23:15,657.85,318601,2,658.06,58122,151976,0.5195202078080796,0
2023-07-28 13:23:15,657.85,318601,2,658.06,58122,151914,0.5195202078080796,0
2023-07-28 13:23:15,657.85,318601,2,658.06,58275,151888,0.5195202078080796,0
2023-07-28 13:23:15,657.85,318601,2,658.06,58280,151888,0.5195202078080796,0
2023-07-28 13:23:15,657.55,318601,1,658.06,58280,151888,0.47368018947206186,0
2023-07-28 13:23:44,657.55,318732,1,658.06,58169,152219,0.47368018947206186,0
2023-07-28 13:23:44,657.85,318732,5,658.06,58169,152219,0.5195202078080796,0
2023-07-28 13:23:46,657.85,318782,5,658.06,58189,152135,0.5195202078080796,0
2023-07-28 13:23:46,657.45,318782,3,658.06,58189,152135,0.4584001833600733,0
2023-07-28 13:23:59,657.45,318806,3,658.06,58019,152264,0.4584001833600733,0
2023-07-28 13:24:03,658.15,319156,25,658.06,58065,152031,0.56536022614408,0
2023-07-28 13:24:03,657.85,319156,6,658.06,58065,152031,0.5195202078080796,0
2023-07-28 13:24:07,657.85,319162,6,658.06,58115,152089,0.5195202078080796,0
2023-07-28 13:24:07,657.4,319162,41,658.06,58115,152089,0.4507601803040617,0
2023-07-28 13:24:09,657.4,319239,41,658.06,57876,152297,0.4507601803040617,0
2023-07-28 13:24:09,657.4,319239,41,658.06,58005,152236,0.4507601803040617,0
2023-07-28 13:24:09,657.75,319239,1,658.06,58005,152236,0.5042402016960736,0
2023-07-28 13:24:20,657.75,319241,1,658.06,57995,152234,0.5042402016960736,0
2023-07-28 13:24:20,657.75,319241,1,658.06,57995,152244,0.5042402016960736,0
2023-07-28 13:24:20,657.75,319241,1,658.06,57875,152244,0.5042402016960736,0
2023-07-28 13:24:20,657.75,319241,1,658.06,58000,152119,0.5042402016960736,0
2023-07-28 13:24:20,657.75,319241,820,658.06,58000,152119,0.5042402016960736,0
2023-07-28 13:24:20,657.4,319241,81,658.06,58000,152119,0.4507601803040617,0
2023-07-28 13:24:32,657.4,320349,81,658.06,56759,152482,0.4507601803040617,0
2023-07-28 13:24:32,657.0,320349,14,658.06,56609,152442,0.3896401558560554,0
2023-07-28 13:24:32,657.0,320349,10,658.06,56609,152442,0.3896401558560554,0
2023-07-28 13:24:38,657.0,320459,10,658.06,56445,152721,0.3896401558560554,0
2023-07-28 13:24:38,657.25,320459,5,658.06,56445,152721,0.4278401711360615,0
2023-07-28 13:24:43,657.25,320464,5,658.06,56445,152716,0.4278401711360615,0
2023-07-28 13:24:43,657.35,320464,1,658.06,56445,152716,0.4431201772480674,0
2023-07-28 13:24:46,657.35,320465,1,658.06,56445,152743,0.4431201772480674,0
2023-07-28 13:24:46,656.9,320465,9,658.06,56445,152743,0.37436014974404946,0
2023-07-28 13:24:50,656.9,320490,9,658.06,56362,152791,0.37436014974404946,0
2023-07-28 13:24:56,657.0,320491,1,658.06,56364,152764,0.3896401558560554,0
2023-07-28 13:24:56,657.0,320491,1,658.06,56864,152804,0.3896401558560554,0
2023-07-28 13:24:56,657.0,320491,1,658.06,56864,152834,0.3896401558560554,0
2023-07-28 13:24:56,657.0,320491,1,658.06,56924,152879,0.3896401558560554,0
2023-07-28 13:24:56,657.3,320491,10,658.06,56924,152879,0.43548017419205576,0
2023-07-28 13:25:06,657.3,320503,10,658.06,56954,153000,0.43548017419205576,0
2023-07-28 13:25:06,657.0,320503,2,658.06,56954,153000,0.3896401558560554,0
2023-07-28 13:25:10,657.0,320505,2,658.06,56915,152777,0.3896401558560554,0
2023-07-28 13:25:10,657.0,320505,44,658.06,56915,152777,0.3896401558560554,0
2023-07-28 13:25:12,657.0,320553,44,658.06,56916,152829,0.3896401558560554,0
2023-07-28 13:25:12,657.0,320553,44,658.06,56916,152879,0.3896401558560554,0
2023-07-28 13:25:12,657.0,320553,44,658.06,56957,152879,0.3896401558560554,0
2023-07-28 13:25:12,657.0,320553,44,658.06,56957,152875,0.3896401558560554,0
2023-07-28 13:25:12,657.0,320553,44,658.06,56769,153054,0.3896401558560554,0
2023-07-28 13:25:12,657.0,320553,44,658.06,56596,153088,0.3896401558560554,0
2023-07-28 13:25:12,656.9,320553,10,658.06,56616,153088,0.37436014974404946,0
2023-07-28 13:25:36,656.9,320563,10,658.06,56502,153239,0.37436014974404946,0
2023-07-28 13:25:36,656.9,320563,10,658.06,56502,153294,0.37436014974404946,0
2023-07-28 13:25:36,656.9,320563,10,658.06,56613,153257,0.37436014974404946,0
2023-07-28 13:25:55,657.4,320569,3,658.06,56613,153299,0.4507601803040617,0
2023-07-28 13:25:55,657.4,320569,3,658.06,56613,153299,0.4507601803040617,0
2023-07-28 13:25:55,657.4,320569,40,658.06,56613,153299,0.4507601803040617,0
2023-07-28 13:25:57,657.4,320609,40,658.06,57118,153259,0.4507601803040617,0
2023-07-28 13:25:57,657.4,320609,40,658.06,57637,152802,0.4507601803040617,0
2023-07-28 13:25:57,657.2,320609,7,658.06,57637,152802,0.4202001680800672,0
2023-07-28 13:25:57,657.1,320609,9,658.06,57637,152802,0.4049201619680613,0
2023-07-28 13:26:03,657.1,320724,9,658.06,57266,153130,0.4049201619680613,0
2023-07-28 13:26:03,657.1,320724,9,658.06,57821,153130,0.4049201619680613,0
2023-07-28 13:26:03,657.1,320724,9,658.06,57861,153130,0.4049201619680613,0
2023-07-28 13:26:03,657.1,320724,9,658.06,57877,153130,0.4049201619680613,0
2023-07-28 13:26:03,657.1,320724,9,658.06,57703,152980,0.4049201619680613,0
2023-07-28 13:26:03,657.1,320724,9,658.06,57603,152980,0.4049201619680613,0
2023-07-28 13:26:03,657.0,320724,44,658.06,57603,152980,0.3896401558560554,0
2023-07-28 13:26:19,657.0,320804,44,658.06,57447,152934,0.3896401558560554,0
2023-07-28 13:26:19,657.0,320804,44,658.06,57477,152934,0.3896401558560554,0
2023-07-28 13:26:19,657.55,320804,12,658.06,57477,152934,0.47368018947206186,0
2023-07-28 13:26:24,657.55,320854,12,658.06,57558,152858,0.47368018947206186,0
2023-07-28 13:26:24,657.55,320854,12,658.06,57804,152836,0.47368018947206186,0
2023-07-28 13:26:24,657.55,320854,12,658.06,57854,152836,0.47368018947206186,0
2023-07-28 13:26:24,657.55,320854,12,658.06,58012,152107,0.47368018947206186,0
2023-07-28 13:26:24,657.55,320854,12,658.06,58047,152152,0.47368018947206186,0
2023-07-28 13:26:24,657.55,320854,2,658.06,58047,152152,0.47368018947206186,0
2023-07-28 13:26:44,657.55,320856,2,658.06,57944,152281,0.47368018947206186,0
2023-07-28 13:26:44,657.55,320856,2,658.06,57974,152351,0.47368018947206186,0
2023-07-28 13:26:44,657.55,320856,2,658.06,57974,152431,0.47368018947206186,0
2023-07-28 13:26:44,657.55,320856,2,658.06,57974,152431,0.47368018947206186,0
2023-07-28 13:26:44,657.55,320856,2,658.06,58118,152613,0.47368018947206186,0
2023-07-28 13:26:44,657.55,320856,2,658.06,58146,152663,0.47368018947206186,0
2023-07-28 13:26:44,657.55,320856,2,658.06,58146,152693,0.47368018947206186,0
2023-07-28 13:26:44,657.55,320856,2,658.06,58146,152715,0.47368018947206186,0
2023-07-28 13:26:44,657.2,320856,10,658.06,58146,152715,0.4202001680800672,0
2023-07-28 13:27:19,657.2,320866,10,658.06,57998,152805,0.4202001680800672,0
2023-07-28 13:27:19,657.2,320866,10,658.06,57998,152805,0.4202001680800672,0
2023-07-28 13:27:24,657.15,320875,3,658.06,58005,152839,0.41256016502405557,0
2023-07-28 13:27:24,657.15,320875,3,658.06,58303,152839,0.41256016502405557,0
2023-07-28 13:27:24,657.15,320875,5,658.06,58303,152839,0.41256016502405557,0
2023-07-28 13:27:28,657.15,320880,5,658.06,58298,152894,0.41256016502405557,0
2023-07-28 13:27:28,657.15,320880,5,658.06,58298,152896,0.41256016502405557,0
2023-07-28 13:27:28,657.15,320880,5,658.06,58298,153076,0.41256016502405557,0
2023-07-28 13:27:28,657.15,320880,5,658.06,58298,153119,0.41256016502405557,0
2023-07-28 13:27:28,657.7,320880,4,658.06,58298,153119,0.4966001986400794,0
2023-07-28 13:27:38,657.7,320886,4,658.06,58448,153226,0.4966001986400794,0
2023-07-28 13:27:38,657.7,320886,4,658.06,58448,153207,0.4966001986400794,0
2023-07-28 13:27:38,657.7,320886,4,658.06,58448,153207,0.4966001986400794,0
2023-07-28 13:27:38,657.7,320886,4,658.06,58338,153027,0.4966001986400794,0
2023-07-28 13:27:38,657.25,320886,8,658.06,58338,153027,0.4278401711360615,0
2023-07-28 13:27:58,657.25,320911,8,658.06,58192,153079,0.4278401711360615,0
2023-07-28 13:27:58,657.25,320911,8,658.06,58192,153193,0.4278401711360615,0
2023-07-28 13:27:58,657.65,320911,7,658.06,58192,153193,0.4889601955840678,0
2023-07-28 13:28:02,657.65,320961,7,658.06,58261,153147,0.4889601955840678,0
2023-07-28 13:28:02,657.65,320961,7,658.06,58334,153147,0.4889601955840678,0
2023-07-28 13:28:02,657.65,320961,7,658.06,58334,153147,0.4889601955840678,0
2023-07-28 13:28:02,657.65,320961,7,658.06,58349,153028,0.4889601955840678,0
2023-07-28 13:28:02,657.65,320961,7,658.06,58457,152839,0.4889601955840678,0
2023-07-28 13:28:02,657.65,320961,7,658.06,58457,152839,0.4889601955840678,0
2023-07-28 13:28:02,657.85,320961,1,658.06,58457,152839,0.5195202078080796,0
2023-07-28 13:28:29,657.85,321011,1,658.06,58522,152782,0.5195202078080796,0
2023-07-28 13:28:29,657.85,321011,1,658.06,58542,152782,0.5195202078080796,0
2023-07-28 13:28:29,657.85,321011,1,658.06,58274,152782,0.5195202078080796,0
2023-07-28 13:28:29,657.85,321011,1,658.06,58274,152782,0.5195202078080796,0
2023-07-28 13:28:45,657.85,321012,1,658.06,58274,152782,0.5195202078080796,0
2023-07-28 13:28:45,657.65,321012,50,658.06,58274,152782,0.4889601955840678,0
2023-07-28 13:28:55,657.65,321062,50,658.06,58063,153035,0.4889601955840678,0
2023-07-28 13:28:55,657.2,321062,7,658.06,58063,153035,0.4202001680800672,0
2023-07-28 13:28:57,657.2,321119,7,658.06,58078,153033,0.4202001680800672,0
2023-07-28 13:28:57,657.2,321119,7,658.06,57963,153033,0.4202001680800672,0
2023-07-28 13:28:57,657.2,321119,5,658.06,57963,153033,0.4202001680800672,0
2023-07-28 13:29:06,657.2,321124,5,658.06,57958,153028,0.4202001680800672,0
2023-07-28 13:29:06,657.2,321124,4,658.06,57958,153028,0.4202001680800672,0
2023-07-28 13:29:07,657.2,321128,4,658.06,57954,153028,0.4202001680800672,0
2023-07-28 13:29:07,657.75,321128,2,658.06,57954,153028,0.5042402016960736,0
2023-07-28 13:29:10,657.75,321138,2,658.06,57958,153022,0.5042402016960736,0
2023-07-28 13:29:10,657.75,321138,2,658.06,57958,153361,0.5042402016960736,0
2023-07-28 13:29:10,657.6,321138,4,658.06,57924,153308,0.4813201925280735,0
2023-07-28 13:29:10,657.65,321138,4,658.06,57924,153308,0.4889601955840678,0
2023-07-28 13:29:21,657.65,321191,4,658.06,57924,153255,0.4889601955840678,0
2023-07-28 13:29:21,657.65,321191,4,658.06,57992,153255,0.4889601955840678,0
2023-07-28 13:29:21,657.65,321191,4,658.06,57993,153255,0.4889601955840678,0
2023-07-28 13:29:21,657.65,321191,10,658.06,57993,153255,0.4889601955840678,0
2023-07-28 13:29:33,657.65,321201,10,658.06,58025,153201,0.4889601955840678,0
2023-07-28 13:29:33,657.65,321201,10,658.06,58025,153201,0.4889601955840678,0
2023-07-28 13:29:35,657.65,321211,5,658.06,58248,153013,0.4889601955840678,0
2023-07-28 13:29:37,657.65,321216,5,658.06,58296,153008,0.4889601955840678,0
2023-07-28 13:29:37,657.65,321216,64,658.06,58296,153008,0.4889601955840678,0
2023-07-28 13:29:40,657.65,321280,64,658.06,58293,152844,0.4889601955840678,0
2023-07-28 13:29:40,657.65,321280,64,658.06,58293,152849,0.4889601955840678,0
2023-07-28 13:29:40,657.15,321280,10,658.06,58293,152849,0.41256016502405557,0
2023-07-28 13:29:44,657.15,321342,10,658.06,58322,152924,0.41256016502405557,0
2023-07-28 13:29:44,657.15,321342,10,658.06,58322,152987,0.41256016502405557,0
2023-07-28 13:29:44,657.15,321342,10,658.06,58372,153022,0.41256016502405557,0
2023-07-28 13:29:44,657.15,321342,10,658.06,58372,153222,0.41256016502405557,0
2023-07-28 13:29:44,657.15,321342,10,658.06,58372,153254,0.41256016502405557,0
2023-07-28 13:29:44,657.5,321342,19,658.06,58372,153254,0.4660401864160676,0
2023-07-28 13:30:00,657.5,321371,19,658.06,58372,153225,0.4660401864160676,0
2023-07-28 13:30:00,657.65,321371,50,658.06,58372,153225,0.4889601955840678,0
2023-07-28 13:30:03,657.65,321471,50,658.06,57822,153170,0.4889601955840678,0
2023-07-28 13:30:03,657.65,321471,50,658.06,57777,153170,0.4889601955840678,0
2023-07-28 13:30:03,657.65,321471,50,658.06,57781,153170,0.4889601955840678,0
2023-07-28 13:30:03,657.65,321471,50,658.06,57791,153170,0.4889601955840678,0
2023-07-28 13:30:26,657.65,321491,20,658.06,57791,153170,0.4889601955840678,0
2023-07-28 13:30:26,657.65,321491,20,658.06,57841,153170,0.4889601955840678,0
2023-07-28 13:30:26,657.65,321491,10,658.06,57841,153170,0.4889601955840678,0
2023-07-28 13:30:35,657.25,321551,50,658.06,57856,153160,0.4278401711360615,0
2023-07-28 13:30:35,657.25,321551,50,658.06,57856,153160,0.4278401711360615,0
2023-07-28 13:30:35,657.25,321551,50,658.06,57806,153160,0.4278401711360615,0
2023-07-28 13:30:35,657.65,321551,1,658.06,57806,153160,0.4889601955840678,0
2023-07-28 13:30:35,657.65,321551,5,658.06,57806,153160,0.4889601955840678,0
2023-07-28 13:30:49,657.65,321557,5,658.06,57807,153154,0.4889601955840678,0
2023-07-28 13:30:49,657.65,321557,1,658.06,57807,153154,0.4889601955840678,0
2023-07-28 13:30:53,657.65,321558,1,658.06,57807,153153,0.4889601955840678,0
2023-07-28 13:30:53,657.65,321558,1,658.06,57807,153153,0.4889601955840678,0
2023-07-28 13:30:53,657.25,321558,2,658.06,57807,153153,0.4278401711360615,0
2023-07-28 13:31:00,657.25,321560,2,658.06,57805,153153,0.4278401711360615,0
2023-07-28 13:31:00,657.15,321560,17,658.06,57805,153153,0.41256016502405557,0
2023-07-28 13:31:02,657.15,321614,17,658.05,57713,153153,0.41256016502405557,0
2023-07-28 13:31:02,657.1,321614,1,658.05,57713,153153,0.4049201619680613,0
2023-07-28 13:31:11,657.1,321615,1,658.05,57712,153154,0.4049201619680613,0
2023-07-28 13:31:11,657.65,321615,20,658.05,57712,153154,0.4889601955840678,0
2023-07-28 13:31:15,657.65,321635,20,658.05,57776,153103,0.4889601955840678,0
2023-07-28 13:31:23,657.65,321638,3,658.05,57776,153100,0.4889601955840678,0
2023-07-28 13:31:28,657.65,321639,1,658.05,57776,153099,0.4889601955840678,0
2023-07-28 13:31:28,657.65,321639,1,658.05,57776,153199,0.4889601955840678,0
2023-07-28 13:31:39,657.35,321659,20,658.05,57756,153199,0.4431201772480674,0
2023-07-28 13:31:39,657.35,321659,4,658.05,57756,153199,0.4431201772480674,0
2023-07-28 13:31:41,657.35,321663,4,658.05,57752,153249,0.4431201772480674,0
2023-07-28 13:31:41,657.35,321663,4,658.05,57753,153249,0.4431201772480674,0
2023-07-28 13:31:41,657.35,321663,4,658.05,57793,153249,0.4431201772480674,0
2023-07-28 13:31:41,657.35,321663,4,658.05,57793,153249,0.4431201772480674,0
2023-07-28 13:31:41,657.35,321663,16,658.05,57793,153249,0.4431201772480674,0
2023-07-28 13:31:52,657.35,321679,16,658.05,57777,153249,0.4431201772480674,0
2023-07-28 13:31:52,657.5,321679,4,658.05,57777,153249,0.4660401864160676,0
2023-07-28 13:31:54,657.5,321683,4,658.05,57777,153285,0.4660401864160676,0
2023-07-28 13:31:54,657.1,321683,3,658.05,57777,153285,0.4049201619680613,0
2023-07-28 13:31:56,657.1,322371,3,658.05,57600,153566,0.4049201619680613,0
2023-07-28 13:31:56,657.1,322371,3,658.05,57600,153566,0.4049201619680613,0
2023-07-28 13:31:56,657.1,322371,3,658.05,57600,153576,0.4049201619680613,0
2023-07-28 13:31:56,657.05,322371,3,658.05,57600,153576,0.39728015891204965,0
2023-07-28 13:32:04,657.05,322374,2,658.05,57597,153576,0.39728015891204965,0
2023-07-28 13:32:06,657.75,322376,31,658.05,57595,153601,0.5042402016960736,0
2023-07-28 13:32:08,657.75,322576,31,658.05,57707,153128,0.5042402016960736,0
2023-07-28 13:32:08,657.75,322576,31,658.05,57712,153128,0.5042402016960736,0
2023-07-28 13:32:08,657.75,322576,31,658.05,57712,153128,0.5042402016960736,0
2023-07-28 13:32:08,657.75,322576,31,658.05,57851,153128,0.5042402016960736,0
2023-07-28 13:32:08,657.75,322576,31,658.05,57851,153058,0.5042402016960736,0
2023-07-28 13:32:08,657.65,322576,15,658.05,57851,153058,0.4889601955840678,0
2023-07-28 13:32:29,657.65,322601,15,658.05,57618,153424,0.4889601955840678,0
2023-07-28 13:32:29,657.65,322601,4,658.05,57618,153424,0.4889601955840678,0
2023-07-28 13:32:34,657.65,322651,4,658.05,57618,153464,0.4889601955840678,0
2023-07-28 13:32:34,657.1,322651,4,658.05,57618,153464,0.4049201619680613,0
2023-07-28 13:32:42,657.1,322655,4,658.05,57564,153509,0.4049201619680613,0
2023-07-28 13:32:42,657.6,322655,4,658.05,57564,153509,0.4813201925280735,0
2023-07-28 13:32:42,657.6,322655,15,658.05,57564,153509,0.4813201925280735,0
2023-07-28 13:32:46,657.6,322674,2,658.05,57564,153490,0.4813201925280735,0
2023-07-28 13:32:46,657.6,322676,2,658.05,57605,153464,0.4813201925280735,0
2023-07-28 13:32:46,657.65,322676,10,658.05,57605,153464,0.4889601955840678,0
2023-07-28 13:32:50,657.65,322686,10,658.05,57605,153474,0.4889601955840678,0
2023-07-28 13:32:57,657.0,322817,25,658.05,57538,153882,0.3896401558560554,0
2023-07-28 13:32:57,657.45,322817,5,658.05,57538,153882,0.4584001833600733,0
2023-07-28 13:32:57,657.0,322817,9,658.05,57538,153882,0.3896401558560554,0
2023-07-28 13:33:03,657.0,322837,9,658.05,57539,154018,0.3896401558560554,0
2023-07-28 13:33:07,657.4,322842,5,658.05,57479,154013,0.4507601803040617,0
2023-07-28 13:33:07,657.4,322842,5,658.05,57479,153903,0.4507601803040617,0
2023-07-28 13:33:11,657.5,322845,3,658.05,57479,153900,0.4660401864160676,0
2023-07-28 13:33:11,657.5,322845,3,658.05,57509,153900,0.4660401864160676,0
2023-07-28 13:33:11,657.5,322845,3,658.05,57509,153856,0.4660401864160676,0
2023-07-28 13:33:11,657.5,322845,4,658.05,57509,153856,0.4660401864160676,0
2023-07-28 13:33:35,657.5,322849,4,658.05,57569,153770,0.4660401864160676,0
2023-07-28 13:33:35,657.5,322849,4,658.05,57570,153778,0.4660401864160676,0
2023-07-28 13:33:35,657.5,322849,4,658.05,57570,153818,0.4660401864160676,0
2023-07-28 13:33:35,657.5,322849,4,658.05,57570,153768,0.4660401864160676,0
2023-07-28 13:34:09,657.15,322859,10,658.05,57602,153768,0.41256016502405557,0
2023-07-28 13:34:09,657.15,322859,10,658.05,57606,153768,0.41256016502405557,0
2023-07-28 13:34:21,657.65,322879,11,658.05,57586,153748,0.4889601955840678,0
2023-07-28 13:34:21,657.15,322879,10,658.05,57586,153748,0.41256016502405557,0
2023-07-28 13:34:22,657.15,322889,10,658.05,57670,154162,0.41256016502405557,0
2023-07-28 13:34:22,657.15,322889,10,658.05,57670,154163,0.41256016502405557,0
2023-07-28 13:34:22,657.15,322889,5,658.05,57670,154163,0.41256016502405557,0
2023-07-28 13:34:28,657.15,322919,5,658.05,57670,154163,0.41256016502405557,0
2023-07-28 13:34:28,657.0,322919,2,658.05,57670,154163,0.3896401558560554,0
2023-07-28 13:34:29,657.0,322921,2,658.05,57668,154238,0.3896401558560554,0
2023-07-28 13:34:29,657.0,322921,2,658.05,57668,154238,0.3896401558560554,0
2023-07-28 13:34:29,657.15,322921,3,658.05,57668,154238,0.41256016502405557,0
2023-07-28 13:34:34,657.15,322926,3,658.05,57577,154165,0.41256016502405557,0
2023-07-28 13:34:34,657.1,322926,1,658.05,57577,154165,0.4049201619680613,0
2023-07-28 13:34:40,657.1,322927,1,658.05,57576,154144,0.4049201619680613,0
2023-07-28 13:34:40,657.1,322927,1,658.05,57576,154144,0.4049201619680613,0
2023-07-28 13:34:43,657.1,322928,1,658.05,57575,154144,0.4049201619680613,0
2023-07-28 13:34:43,657.1,322928,1,658.05,57575,154184,0.4049201619680613,0
2023-07-28 13:34:43,657.1,322928,126,658.05,57575,154184,0.4049201619680613,0
2023-07-28 13:34:50,657.1,323056,126,658.05,57573,154232,0.4049201619680613,0
2023-07-28 13:34:50,657.1,323056,126,658.05,57582,154232,0.4049201619680613,0
2023-07-28 13:34:50,657.15,323056,4,658.05,57582,154232,0.41256016502405557,0
2023-07-28 13:34:56,657.15,323061,4,658.05,57582,154147,0.41256016502405557,0
2023-07-28 13:34:56,657.15,323061,4,658.05,57582,154381,0.41256016502405557,0
2023-07-28 13:34:56,657.65,323061,251,658.05,57582,154381,0.4889601955840678,0
2023-07-28 13:35:04,657.65,323511,251,658.05,57743,153869,0.4889601955840678,0
2023-07-28 13:35:04,657.65,323511,251,658.05,57744,153869,0.4889601955840678,0
2023-07-28 13:35:08,657.65,323516,5,658.05,57786,153864,0.4889601955840678,0
2023-07-28 13:35:08,657.65,323516,14,658.05,57786,153864,0.4889601955840678,0
2023-07-28 13:35:08,657.65,323516,8,658.05,57786,153864,0.4889601955840678,0
2023-07-28 13:35:14,657.65,323538,8,658.05,57786,153842,0.4889601955840678,0
2023-07-28 13:35:14,657.65,323538,8,658.05,57762,153859,0.4889601955840678,0
2023-07-28 13:35:14,657.05,323538,20,658.05,57762,153859,0.39728015891204965,0
2023-07-28 13:35:35,657.05,323658,20,658.05,57549,154170,0.39728015891204965,0
2023-07-28 13:35:35,657.05,323658,20,658.05,57517,154356,0.39728015891204965,0
2023-07-28 13:35:35,657.05,323658,6,658.05,57517,154356,0.39728015891204965,0
2023-07-28 13:35:41,657.6,323877,50,658.05,57748,153899,0.4813201925280735,0
2023-07-28 13:35:41,657.6,323877,50,658.05,57748,154025,0.4813201925280735,0
2023-07-28 13:35:41,657.15,323877,11,658.05,57747,154035,0.41256016502405557,0
2023-07-28 13:35:51,657.6,323890,2,658.05,57797,154111,0.4813201925280735,0
2023-07-28 13:35:51,657.15,323890,3,658.05,57797,154111,0.41256016502405557,0
2023-07-28 13:35:53,657.65,323921,3,658.05,57797,154086,0.4889601955840678,0
2023-07-28 13:35:53,657.65,323921,3,658.05,57797,154186,0.4889601955840678,0
2023-07-28 13:35:53,657.65,323921,3,658.05,57797,154196,0.4889601955840678,0
2023-07-28 13:36:06,657.05,324071,10,658.05,57483,154524,0.39728015891204965,0
2023-07-28 13:36:06,657.55,324071,59,658.05,57483,154524,0.47368018947206186,0
2023-07-28 13:36:11,657.55,324191,6,658.05,57467,154316,0.47368018947206186,0
2023-07-28 13:36:11,657.65,324191,11,658.05,57467,154316,0.4889601955840678,0
2023-07-28 13:36:13,657.65,324491,11,658.05,57831,153919,0.4889601955840678,0
2023-07-28 13:36:13,657.65,324491,11,658.05,57817,153854,0.4889601955840678,0
2023-07-28 13:36:13,657.65,324491,11,658.05,57817,153854,0.4889601955840678,0
2023-07-28 13:36:13,657.65,324491,11,658.05,57896,153910,0.4889601955840678,0
2023-07-28 13:36:13,657.65,324491,1,658.05,57896,153910,0.4889601955840678,0
2023-07-28 13:36:28,657.65,324492,1,658.05,57902,153909,0.4889601955840678,0
2023-07-28 13:36:28,657.1,324492,22,658.05,57902,153909,0.4049201619680613,0
2023-07-28 13:36:30,657.1,324532,22,658.05,57846,154196,0.4049201619680613,0
2023-07-28 13:36:30,657.1,324532,22,658.05,57890,154197,0.4049201619680613,0
2023-07-28 13:36:30,657.55,324532,108,658.05,57890,154197,0.47368018947206186,0
2023-07-28 13:36:39,657.65,324680,22,658.05,57928,154176,0.4889601955840678,0
2023-07-28 13:36:39,657.15,324680,13,658.05,57928,154176,0.41256016502405557,0
2023-07-28 13:36:41,657.15,324693,13,658.05,57969,154154,0.41256016502405557,0
2023-07-28 13:36:41,657.15,324693,13,658.05,57969,154174,0.41256016502405557,0
2023-07-28 13:36:41,658.0,324693,23,658.05,57969,154174,0.5424402169760798,0
2023-07-28 13:36:46,658.0,324908,23,658.05,58150,153926,0.5424402169760798,0
2023-07-28 13:36:46,657.8,324908,35,658.05,58150,153926,0.511880204752068,0
2023-07-28 13:37:00,657.8,324943,35,658.05,58121,153877,0.511880204752068,0
2023-07-28 13:37:00,657.8,324943,35,658.05,58101,153877,0.511880204752068,0
2023-07-28 13:37:00,657.8,324943,35,658.05,58094,153877,0.511880204752068,0
2023-07-28 13:37:00,657.8,324943,35,658.05,58104,153887,0.511880204752068,0
2023-07-28 13:37:00,657.8,324943,1,658.05,58104,153887,0.511880204752068,0
2023-07-28 13:37:26,657.8,324944,1,658.05,58087,153996,0.511880204752068,0
2023-07-28 13:37:35,657.25,325019,5,658.05,57882,154002,0.4278401711360615,0
2023-07-28 13:37:35,657.1,325019,16,658.05,57882,154002,0.4049201619680613,0
2023-07-28 13:37:36,657.1,325049,16,658.05,57649,154170,0.4049201619680613,0
2023-07-28 13:37:36,657.1,325049,16,658.05,57649,154180,0.4049201619680613,0
2023-07-28 13:37:36,657.45,325049,10,658.05,57649,154180,0.4584001833600733,0
2023-07-28 13:37:41,657.45,325063,4,658.05,57651,154166,0.4584001833600733,0
2023-07-28 13:37:41,657.45,325063,4,658.05,57651,154281,0.4584001833600733,0
2023-07-28 13:37:41,657.45,325063,3,658.05,57651,154281,0.4584001833600733,0
2023-07-28 13:37:47,657.45,325066,3,658.05,57651,154278,0.4584001833600733,0
2023-07-28 13:37:47,657.45,325066,3,658.05,57649,154280,0.4584001833600733,0
2023-07-28 13:37:47,657.45,325066,3,658.05,57649,154210,0.4584001833600733,0
2023-07-28 13:38:05,656.9,325301,31,658.05,57049,154289,0.37436014974404946,0
2023-07-28 13:38:05,656.85,325301,1,658.05,57049,154289,0.3667201466880552,0
2023-07-28 13:38:05,657.2,325301,5,658.05,57049,154289,0.4202001680800672,0
2023-07-28 13:38:07,657.2,325307,5,658.05,57083,154230,0.4202001680800672,0
2023-07-28 13:38:07,657.2,325307,5,658.05,57079,154230,0.4202001680800672,0
2023-07-28 13:38:07,657.15,325307,4,658.05,57079,154230,0.41256016502405557,0
2023-07-28 13:38:15,657.15,325327,4,658.05,57090,154493,0.41256016502405557,0
2023-07-28 13:38:15,657.2,325327,1,658.05,57090,154493,0.4202001680800672,0
2023-07-28 13:38:20,657.2,325333,5,658.05,57090,154523,0.4202001680800672,0
2023-07-28 13:38:20,657.2,325333,1,658.05,57090,154523,0.4202001680800672,0
2023-07-28 13:38:21,657.2,325334,1,658.05,57090,154766,0.4202001680800672,0
2023-07-28 13:38:21,656.55,325334,3,658.05,57090,154766,0.32088012835203744,0
2023-07-28 13:38:26,656.55,325401,3,658.05,57030,154927,0.32088012835203744,0
2023-07-28 13:38:26,656.55,325401,3,658.05,57030,154927,0.32088012835203744,0
2023-07-28 13:38:26,657.0,325401,1,658.05,57030,154927,0.3896401558560554,0
2023-07-28 13:38:34,657.0,325402,1,658.05,57040,154926,0.3896401558560554,0
2023-07-28 13:38:34,657.0,325402,1,658.05,57040,154926,0.3896401558560554,0
2023-07-28 13:38:34,656.55,325402,2,658.05,57040,154926,0.32088012835203744,0
2023-07-28 13:38:45,656.55,325404,2,658.05,57038,154956,0.32088012835203744,0
2023-07-28 13:38:45,657.0,325404,10,658.05,57038,154956,0.3896401558560554,0
2023-07-28 13:38:48,657.0,325414,10,658.05,57038,155055,0.3896401558560554,0
2023-07-28 13:38:48,657.0,325414,2,658.05,57038,155055,0.3896401558560554,0
2023-07-28 13:38:48,657.0,325414,25,658.05,57038,155055,0.3896401558560554,0
2023-07-28 13:38:49,657.0,325591,50,658.05,57220,154750,0.3896401558560554,0
2023-07-28 13:38:49,657.3,325591,2,658.05,57220,154750,0.43548017419205576,0
2023-07-28 13:38:52,656.6,325608,15,658.05,57194,154982,0.3285201314080491,0
2023-07-28 13:38:52,656.6,325608,15,658.05,57189,154982,0.3285201314080491,0
2023-07-28 13:38:52,656.6,325608,15,658.05,57229,154982,0.3285201314080491,0
2023-07-28 13:38:52,656.6,325608,15,658.05,57229,154967,0.3285201314080491,0
2023-07-28 13:38:52,656.6,325608,15,658.05,57233,154967,0.3285201314080491,0
2023-07-28 13:38:52,656.6,325608,15,658.05,57233,155017,0.3285201314080491,0
2023-07-28 13:38:52,657.15,325608,1,658.05,57233,155017,0.41256016502405557,0
2023-07-28 13:39:18,657.15,325609,1,658.05,57234,155017,0.41256016502405557,0
2023-07-28 13:39:18,657.1,325609,14,658.05,57234,155017,0.4049201619680613,0
2023-07-28 13:39:22,657.1,325625,14,658.05,57404,154719,0.4049201619680613,0
2023-07-28 13:39:22,657.1,325625,14,658.05,57495,154719,0.4049201619680613,0
2023-07-28 13:39:22,657.1,325625,14,658.05,57645,154619,0.4049201619680613,0
2023-07-28 13:39:22,657.1,325625,14,658.05,57665,154667,0.4049201619680613,0
2023-07-28 13:39:22,657.25,325625,1,658.05,57665,154667,0.4278401711360615,0
2023-07-28 13:39:43,657.25,325626,1,658.05,57674,154684,0.4278401711360615,0
2023-07-28 13:39:43,657.25,325626,1,658.05,57729,154684,0.4278401711360615,0
2023-07-28 13:39:43,657.25,325626,1,658.05,57729,154774,0.4278401711360615,0
2023-07-28 13:39:43,657.25,325626,1,658.05,57729,154774,0.4278401711360615,0
2023-07-28 13:39:43,657.25,325626,1,658.05,57729,154645,0.4278401711360615,0
2023-07-28 13:39:43,657.2,325626,2,658.05,57729,154645,0.4202001680800672,0
2023-07-28 13:40:03,657.2,325628,2,658.05,57730,154643,0.4202001680800672,0
2023-07-28 13:40:03,657.2,325628,2,658.05,57730,154642,0.4202001680800672,0
2023-07-28 13:40:03,657.2,325628,2,658.05,57729,154650,0.4202001680800672,0
2023-07-28 13:40:14,657.25,325678,49,658.05,57729,154601,0.4278401711360615,0
2023-07-28 13:40:14,657.4,325678,73,658.05,57729,154601,0.4507601803040617,0
2023-07-28 13:40:16,657.4,325778,73,658.05,57729,154354,0.4507601803040617,0
2023-07-28 13:40:16,657.4,325778,73,658.05,57763,154493,0.4507601803040617,0
2023-07-28 13:40:16,657.4,325778,73,658.05,57763,154718,0.4507601803040617,0
2023-07-28 13:40:16,657.4,325778,73,658.05,57763,154768,0.4507601803040617,0
2023-07-28 13:40:16,657.2,325778,1,658.05,57763,154768,0.4202001680800672,0
2023-07-28 13:40:29,657.2,325779,1,658.05,57763,154841,0.4202001680800672,0
2023-07-28 13:40:29,657.2,325779,90,658.05,57763,154841,0.4202001680800672,0
2023-07-28 13:40:29,657.2,325779,1,658.05,57763,154841,0.4202001680800672,0
2023-07-28 13:40:36,657.2,325870,1,658.05,57763,154750,0.4202001680800672,0
2023-07-28 13:40:40,657.5,325970,15,658.05,57814,154565,0.4660401864160676,0
2023-07-28 13:40:43,657.5,325971,1,658.05,57814,154577,0.4660401864160676,0
2023-07-28 13:40:43,657.5,325971,1,658.05,57814,154577,0.4660401864160676,0
2023-07-28 13:40:43,657.35,325971,3,658.05,57721,154702,0.4431201772480674,0
2023-07-28 13:40:45,657.35,325974,3,658.05,57721,154699,0.4431201772480674,0
2023-07-28 13:40:45,657.0,325974,200,658.05,57721,154699,0.3896401558560554,0
2023-07-28 13:40:55,657.0,326174,200,658.05,57618,154714,0.3896401558560554,0
2023-07-28 13:40:55,657.35,326174,31,658.05,57618,154714,0.4431201772480674,0
2023-07-28 13:40:58,657.35,326205,31,658.05,57618,154683,0.4431201772480674,0
2023-07-28 13:40:58,657.35,326205,31,658.05,57618,154713,0.4431201772480674,0
2023-07-28 13:40:58,657.35,326205,1,658.05,57618,154713,0.4431201772480674,0
2023-07-28 13:40:58,656.55,326205,40,658.05,57618,154713,0.32088012835203744,0
2023-07-28 13:41:05,656.55,326359,40,658.04,57088,154928,0.32088012835203744,0
2023-07-28 13:41:05,656.55,326359,40,658.04,56968,154992,0.32088012835203744,0
2023-07-28 13:41:13,657.0,326369,8,658.04,56968,154907,0.3896401558560554,0
2023-07-28 13:41:13,657.0,326369,8,658.04,56968,154807,0.3896401558560554,0
2023-07-28 13:41:13,656.55,326369,25,658.04,56968,154807,0.32088012835203744,0
2023-07-28 13:41:21,656.55,326394,25,658.04,57127,154890,0.32088012835203744,0
2023-07-28 13:41:24,657.0,326444,3,658.04,57245,154790,0.3896401558560554,0
2023-07-28 13:41:24,656.65,326444,10,658.04,57245,154790,0.33616013446404336,0
2023-07-28 13:41:28,656.65,326454,10,658.04,57233,154788,0.33616013446404336,0
2023-07-28 13:41:28,656.65,326454,10,658.04,57283,154789,0.33616013446404336,0
2023-07-28 13:41:28,657.0,326454,5,658.04,57283,154789,0.3896401558560554,0
2023-07-28 13:41:28,657.0,326454,3,658.04,57283,154789,0.3896401558560554,0
2023-07-28 13:41:28,657.0,326454,1,658.04,57283,154789,0.3896401558560554,0
2023-07-28 13:41:39,657.0,326463,1,658.04,57318,154793,0.3896401558560554,0
2023-07-28 13:41:39,657.0,326463,1,658.04,57318,154829,0.3896401558560554,0
2023-07-28 13:41:42,657.0,326477,1,658.04,57318,154840,0.3896401558560554,0
2023-07-28 13:41:42,657.0,326477,1,658.04,57323,154840,0.3896401558560554,0
2023-07-28 13:41:42,657.0,326477,1,658.04,57223,154840,0.3896401558560554,0
2023-07-28 13:41:42,657.0,326477,1,658.04,57173,154840,0.3896401558560554,0
2023-07-28 13:41:42,657.0,326477,1,658.04,57138,154845,0.3896401558560554,0
2023-07-28 13:41:42,657.0,326477,1,658.04,57138,154845,0.3896401558560554,0
2023-07-28 13:41:42,657.0,326477,1,658.04,57238,154845,0.3896401558560554,0
2023-07-28 13:41:42,656.6,326477,6,658.04,57238,154845,0.3285201314080491,0
2023-07-28 13:42:18,656.6,326583,6,658.04,56981,155189,0.3285201314080491,0
2023-07-28 13:42:18,656.5,326583,71,658.04,56946,155206,0.31324012529604317,0
2023-07-28 13:42:22,656.5,327216,71,658.04,56046,155739,0.31324012529604317,0
2023-07-28 13:42:22,656.1,327216,50,658.04,56046,155739,0.2521201008480368,0
2023-07-28 13:42:22,656.1,327216,1,658.04,56046,155739,0.2521201008480368,0
2023-07-28 13:42:30,656.1,327267,1,658.04,55995,155739,0.2521201008480368,0
2023-07-28 13:42:30,656.1,327267,1,658.04,56000,155739,0.2521201008480368,0
2023-07-28 13:42:30,656.1,327267,1,658.04,56010,155739,0.2521201008480368,0
2023-07-28 13:42:30,656.1,327267,1,658.04,56012,155739,0.2521201008480368,0
2023-07-28 13:42:30,656.1,327267,1,658.04,56014,155739,0.2521201008480368,0
2023-07-28 13:42:30,656.0,327267,39,658.04,56014,155739,0.23684009473603093,0
2023-07-28 13:42:53,656.0,327367,39,658.04,55943,155678,0.23684009473603093,0
2023-07-28 13:42:53,656.0,327367,36,658.04,55943,155678,0.23684009473603093,0
2023-07-28 13:42:55,656.0,327403,36,658.04,55832,155623,0.23684009473603093,0
2023-07-28 13:42:55,656.0,327403,36,658.04,55837,155623,0.23684009473603093,0
2023-07-28 13:42:55,656.0,327403,36,658.04,55837,155427,0.23684009473603093,0
2023-07-28 13:42:55,656.0,327403,36,658.04,55837,155437,0.23684009473603093,0
2023-07-28 13:42:55,656.0,327403,80,658.04,55837,155437,0.23684009473603093,0
2023-07-28 13:43:07,656.0,327483,80,658.04,55757,155471,0.23684009473603093,0
2023-07-28 13:43:07,656.0,327483,80,658.04,55757,155462,0.23684009473603093,0
2023-07-28 13:43:07,656.1,327483,500,658.04,55757,155462,0.2521201008480368,0
2023-07-28 13:43:13,656.1,327983,500,658.04,55828,155534,0.2521201008480368,0
2023-07-28 13:43:13,656.0,327983,25,658.04,55828,155534,0.23684009473603093,0
2023-07-28 13:43:16,656.0,328093,25,658.04,55718,155676,0.23684009473603093,0
2023-07-28 13:43:16,656.0,328093,25,658.04,56068,155673,0.23684009473603093,0
2023-07-28 13:43:16,656.0,328093,21,658.04,56068,155673,0.23684009473603093,0
2023-07-28 13:43:34,656.35,328120,2,658.04,56043,155671,0.290320116128043,0
2023-07-28 13:43:37,656.35,328121,1,658.04,56044,155670,0.290320116128043,0
2023-07-28 13:43:37,656.35,328121,1,658.04,56060,155670,0.290320116128043,0
2023-07-28 13:43:37,656.35,328121,4,658.04,56060,155670,0.290320116128043,0
2023-07-28 13:43:46,656.35,328125,4,658.04,56060,155666,0.290320116128043,0
2023-07-28 13:43:46,656.35,328125,2,658.04,56060,155666,0.290320116128043,0
2023-07-28 13:43:48,656.35,328127,2,658.04,56060,155859,0.290320116128043,0
2023-07-28 13:43:48,656.35,328127,2,658.04,56060,155859,0.290320116128043,0
2023-07-28 13:43:48,656.35,328127,2,658.04,56066,155854,0.290320116128043,0
2023-07-28 13:43:48,656.35,328127,2,658.04,56066,155855,0.290320116128043,0
2023-07-28 13:43:48,656.0,328127,1,658.04,56066,155855,0.23684009473603093,0
2023-07-28 13:43:58,656.0,328133,1,658.04,56060,155856,0.23684009473603093,0
2023-07-28 13:44:01,656.0,328233,5,658.03,55960,155905,0.23684009473603093,0
2023-07-28 13:44:01,656.35,328233,1,658.03,55960,155905,0.290320116128043,0
2023-07-28 13:44:09,656.35,328234,1,658.03,55890,155788,0.290320116128043,0
2023-07-28 13:44:09,656.0,328234,56,658.03,55890,155788,0.23684009473603093,0
2023-07-28 13:44:09,656.35,328234,20,658.03,55890,155788,0.290320116128043,0
2023-07-28 13:44:18,656.35,328354,20,658.03,55790,155753,0.290320116128043,0
2023-07-28 13:44:18,656.35,328354,20,658.03,55735,155753,0.290320116128043,0
2023-07-28 13:44:18,656.35,328354,4,658.03,55735,155753,0.290320116128043,0
2023-07-28 13:44:18,656.2,328354,1,658.03,55735,155753,0.26740010696004274,0
2023-07-28 13:44:22,656.2,328369,1,658.03,55896,156020,0.26740010696004274,0
2023-07-28 13:44:22,656.2,328369,1,658.03,55896,156020,0.26740010696004274,0
2023-07-28 13:44:27,656.2,328370,1,658.03,55838,156116,0.26740010696004274,0
2023-07-28 13:44:27,656.0,328370,126,658.03,55938,156116,0.23684009473603093,0
2023-07-28 13:44:31,656.0,328496,126,658.03,55792,156116,0.23684009473603093,0
2023-07-28 13:44:31,656.0,328496,126,658.03,55757,155881,0.23684009473603093,0
2023-07-28 13:44:31,656.0,328496,126,658.03,55757,155896,0.23684009473603093,0
2023-07-28 13:44:49,656.35,328499,3,658.03,55757,155993,0.290320116128043,0
2023-07-28 13:44:49,656.35,328499,3,658.03,55757,156070,0.290320116128043,0
2023-07-28 13:44:54,656.2,328507,8,658.03,55750,155962,0.26740010696004274,0
2023-07-28 13:44:54,656.0,328507,1,658.03,55750,155962,0.23684009473603093,0
2023-07-28 13:44:55,656.0,328508,1,658.03,55749,155962,0.23684009473603093,0
2023-07-28 13:44:55,656.0,328508,1,658.03,55799,155962,0.23684009473603093,0
2023-07-28 13:44:55,656.0,328508,1,658.03,55799,155962,0.23684009473603093,0
2023-07-28 13:45:09,656.0,328509,1,658.03,55798,155962,0.23684009473603093,0
2023-07-28 13:45:09,656.0,328509,10,658.03,55798,155962,0.23684009473603093,0
2023-07-28 13:45:14,656.0,328519,10,658.03,55722,156009,0.23684009473603093,0
2023-07-28 13:45:14,656.0,328519,10,658.03,55722,155963,0.23684009473603093,0
2023-07-28 13:45:14,656.0,328519,10,658.03,55786,156021,0.23684009473603093,0
2023-07-28 13:45:14,656.0,328519,10,658.03,55733,156021,0.23684009473603093,0
2023-07-28 13:45:14,656.0,328519,10,658.03,55733,155999,0.23684009473603093,0
2023-07-28 13:45:14,656.0,328519,10,658.03,55733,155954,0.23684009473603093,0
2023-07-28 13:45:14,656.0,328519,10,658.03,55733,155954,0.23684009473603093,0
2023-07-28 13:45:14,656.0,328519,10,658.03,55733,155954,0.23684009473603093,0
2023-07-28 13:45:14,656.0,328519,2,658.03,55733,155954,0.23684009473603093,0
2023-07-28 13:45:42,656.0,328531,10,658.03,55721,155941,0.23684009473603093,0
2023-07-28 13:45:42,656.0,328531,10,658.03,55722,155946,0.23684009473603093,0
2023-07-28 13:45:42,656.3,328531,2,658.03,55623,156020,0.28268011307203134,0
2023-07-28 13:45:50,656.3,328533,2,658.03,55573,156018,0.28268011307203134,0
2023-07-28 13:45:50,656.3,328533,2,658.03,55598,156018,0.28268011307203134,0
2023-07-28 13:45:50,656.3,328533,2,658.03,55598,156072,0.28268011307203134,0
2023-07-28 13:45:50,656.3,328533,2,658.03,55597,156072,0.28268011307203134,0
2023-07-28 13:46:02,656.3,328593,60,658.03,55597,156012,0.28268011307203134,0
2023-07-28 13:46:02,656.0,328593,222,658.03,55597,156012,0.23684009473603093,0
2023-07-28 13:46:04,656.0,329002,222,658.03,55461,156057,0.23684009473603093,0
2023-07-28 13:46:04,656.25,329002,1,658.03,55461,156057,0.27504011001603706,0
2023-07-28 13:46:09,656.25,329003,1,658.03,55461,156056,0.27504011001603706,0
2023-07-28 13:46:09,656.3,329003,14,658.03,55461,156056,0.28268011307203134,0
2023-07-28 13:46:17,656.3,329078,14,658.03,55551,156097,0.28268011307203134,0
2023-07-28 13:46:17,656.3,329078,14,658.03,55551,156087,0.28268011307203134,0
2023-07-28 13:46:17,656.3,329078,14,658.03,55551,156136,0.28268011307203134,0
2023-07-28 13:46:17,656.3,329078,14,658.03,55551,156436,0.28268011307203134,0
2023-07-28 13:46:17,655.9,329078,2,658.03,55551,156436,0.22156008862402501,0
2023-07-28 13:46:38,656.25,329080,5,658.03,55549,156436,0.27504011001603706,0
2023-07-28 13:46:40,656.25,329085,5,658.03,55549,156431,0.27504011001603706,0
2023-07-28 13:46:40,656.25,329085,10,658.03,55549,156431,0.27504011001603706,0
2023-07-28 13:46:46,656.25,329095,10,658.03,55549,156421,0.27504011001603706,0
2023-07-28 13:46:46,656.25,329095,10,658.03,55549,156471,0.27504011001603706,0
2023-07-28 13:46:46,656.25,329095,1,658.03,55549,156471,0.27504011001603706,0
2023-07-28 13:46:54,656.25,329096,1,658.03,55549,156473,0.27504011001603706,0
2023-07-28 13:46:57,656.25,329097,1,658.03,55550,156471,0.27504011001603706,0
2023-07-28 13:46:57,656.25,329097,1,658.03,55639,156466,0.27504011001603706,0
2023-07-28 13:46:57,655.9,329097,3,658.03,55639,156466,0.22156008862402501,0
2023-07-28 13:47:07,655.9,329100,3,658.03,55636,156466,0.22156008862402501,0
2023-07-28 13:47:07,656.2,329100,5,658.03,55636,156466,0.26740010696004274,0
2023-07-28 13:47:11,656.2,329244,5,658.03,55768,155927,0.26740010696004274,0
2023-07-28 13:47:11,656.2,329244,5,658.03,55614,156144,0.26740010696004274,0
2023-07-28 13:47:11,656.4,329244,19,658.03,55614,156144,0.29796011918403725,0
2023-07-28 13:47:18,656.4,329264,19,658.03,55701,156149,0.29796011918403725,0
2023-07-28 13:47:18,656.25,329264,1,658.03,55701,156149,0.27504011001603706,0
2023-07-28 13:47:18,656.25,329264,1,658.03,55701,156149,0.27504011001603706,0
2023-07-28 13:47:23,656.25,329266,1,658.03,55737,156149,0.27504011001603706,0
2023-07-28 13:47:23,655.95,329266,6,658.03,55737,156149,0.22920009168003666,0
2023-07-28 13:47:28,655.95,329286,6,658.03,55717,156149,0.22920009168003666,0
2023-07-28 13:47:28,655.95,329286,6,658.03,55967,156161,0.22920009168003666,0
2023-07-28 13:47:28,655.95,329286,6,658.03,55967,156161,0.22920009168003666,0
2023-07-28 13:47:28,655.9,329286,25,658.03,55967,156161,0.22156008862402501,0
2023-07-28 13:47:39,655.9,329327,25,658.03,55692,156373,0.22156008862402501,0
2023-07-28 13:47:39,655.9,329327,25,658.03,55892,156373,0.22156008862402501,0
2023-07-28 13:47:39,655.9,329327,25,658.03,55922,156373,0.22156008862402501,0
2023-07-28 13:47:39,655.8,329327,4,658.03,55922,156373,0.2062800825120191,0
2023-07-28 13:47:47,655.8,329661,4,658.03,55508,156450,0.2062800825120191,0
2023-07-28 13:47:47,655.8,329661,4,658.03,55508,156482,0.2062800825120191,0
2023-07-28 13:47:47,655.8,329661,4,658.03,55597,156482,0.2062800825120191,0
2023-07-28 13:47:47,655.8,329661,4,658.03,55597,156416,0.2062800825120191,0
2023-07-28 13:47:47,656.3,329661,1,658.03,55597,156416,0.28268011307203134,0
2023-07-28 13:48:06,656.3,329662,1,658.03,55649,156416,0.28268011307203134,0
2023-07-28 13:48:06,655.9,329662,2,658.03,55649,156416,0.22156008862402501,0
2023-07-28 13:48:11,655.9,329664,2,658.03,55647,156416,0.22156008862402501,0
2023-07-28 13:48:11,655.9,329664,2,658.03,55647,156316,0.22156008862402501,0
2023-07-28 13:48:11,655.9,329664,2,658.03,55717,156316,0.22156008862402501,0
2023-07-28 13:48:11,655.9,329664,2,658.03,55752,156316,0.22156008862402501,0
2023-07-28 13:48:11,656.3,329664,5,658.03,55752,156316,0.28268011307203134,0
2023-07-28 13:48:33,656.3,329669,5,658.03,55859,156245,0.28268011307203134,0
2023-07-28 13:48:33,656.35,329669,3,658.03,55859,156245,0.290320116128043,0
2023-07-28 13:48:37,656.35,329763,3,658.03,55864,156056,0.290320116128043,0
2023-07-28 13:48:37,656.35,329763,1,658.03,55864,156056,0.290320116128043,0
2023-07-28 13:48:41,656.35,329764,1,658.03,55757,156233,0.290320116128043,0
2023-07-28 13:48:41,656.35,329764,1,658.03,55757,156233,0.290320116128043,0
2023-07-28 13:48:45,656.35,329765,1,658.03,55768,156183,0.290320116128043,0
2023-07-28 13:48:45,656.35,329765,10,658.03,55768,156183,0.290320116128043,0
2023-07-28 13:48:46,656.35,329775,10,658.03,55843,156134,0.290320116128043,0
2023-07-28 13:48:46,656.35,329775,10,658.03,55843,156184,0.290320116128043,0
2023-07-28 13:48:46,656.4,329775,6,658.03,55843,156184,0.29796011918403725,0
2023-07-28 13:48:51,656.4,329781,6,658.03,55837,156178,0.29796011918403725,0
2023-07-28 13:48:51,656.4,329781,6,658.03,55821,156178,0.29796011918403725,0
2023-07-28 13:48:51,655.95,329781,2,658.03,55821,156178,0.22920009168003666,0
2023-07-28 13:48:59,655.9,329783,3,658.03,55819,156178,0.22156008862402501,0
2023-07-28 13:48:59,656.4,329783,12,658.03,55819,156178,0.29796011918403725,0
2023-07-28 13:49:02,656.4,329815,12,658.03,55801,156180,0.29796011918403725,0
2023-07-28 13:49:02,656.4,329815,5,658.03,55801,156180,0.29796011918403725,0
2023-07-28 13:49:05,655.9,329845,10,658.03,55774,156175,0.22156008862402501,0
2023-07-28 13:49:05,655.9,329845,10,658.03,55870,156175,0.22156008862402501,0
2023-07-28 13:49:05,655.95,329845,2,658.03,55870,156175,0.22920009168003666,0
2023-07-28 13:49:10,655.95,329847,2,658.03,55868,156250,0.22920009168003666,0
2023-07-28 13:49:10,655.95,329847,487,658.03,55869,156250,0.22920009168003666,0
2023-07-28 13:49:10,656.25,329847,2,658.03,55869,156250,0.27504011001603706,0
2023-07-28 13:49:16,656.25,330349,2,658.02,55921,156327,0.27504011001603706,0
2023-07-28 13:49:24,656.0,330374,16,658.02,55852,156327,0.23684009473603093,0
2023-07-28 13:49:24,655.9,330374,2,658.02,55852,156327,0.22156008862402501,0
2023-07-28 13:49:26,655.9,330376,2,658.02,55849,156327,0.22156008862402501,0
2023-07-28 13:49:26,655.9,330376,2,658.02,55849,156327,0.22156008862402501,0
2023-07-28 13:49:26,656.0,330376,8,658.02,55849,156327,0.23684009473603093,0
2023-07-28 13:49:26,656.0,330376,42,658.02,55849,156327,0.23684009473603093,0
2023-07-28 13:49:31,656.0,330426,42,658.02,55837,156202,0.23684009473603093,0
2023-07-28 13:49:31,656.0,330426,32,658.02,55837,156202,0.23684009473603093,0
2023-07-28 13:49:35,656.0,330458,32,658.02,55949,156125,0.23684009473603093,0
2023-07-28 13:49:35,656.0,330458,32,658.02,55948,156095,0.23684009473603093,0
2023-07-28 13:49:35,656.0,330458,32,658.02,55948,156095,0.23684009473603093,0
2023-07-28 13:49:35,656.0,330458,32,658.02,55898,156115,0.23684009473603093,0
2023-07-28 13:49:35,656.3,330458,25,658.02,55898,156115,0.28268011307203134,0
2023-07-28 13:49:52,656.3,330483,25,658.02,55949,156090,0.28268011307203134,0
2023-07-28 13:49:52,656.3,330483,40,658.02,55933,156090,0.28268011307203134,0
2023-07-28 13:49:55,656.0,330523,26,658.02,55936,156050,0.23684009473603093,0
2023-07-28 13:49:58,656.0,330558,3,658.02,55969,156090,0.23684009473603093,0
2023-07-28 13:49:58,655.9,330558,39,658.02,55969,156090,0.22156008862402501,0
2023-07-28 13:50:03,655.9,330602,39,658.02,55908,156050,0.22156008862402501,0
2023-07-28 13:50:03,655.9,330602,39,658.02,56030,155984,0.22156008862402501,0
2023-07-28 13:50:03,655.9,330602,39,658.02,56031,155984,0.22156008862402501,0
2023-07-28 13:50:03,655.9,330602,39,658.02,56034,155984,0.22156008862402501,0
2023-07-28 13:50:03,656.3,330602,10,658.02,56034,155984,0.28268011307203134,0
2023-07-28 13:50:13,656.3,330612,10,658.02,55964,155974,0.28268011307203134,0
2023-07-28 13:50:13,656.3,330612,10,658.02,55967,155974,0.28268011307203134,0
2023-07-28 13:50:13,656.0,330612,2,658.02,55967,155974,0.23684009473603093,0
2023-07-28 13:50:19,656.0,330614,2,658.02,55965,155976,0.23684009473603093,0
2023-07-28 13:50:19,656.4,330614,18,658.02,55965,155976,0.29796011918403725,0
2023-07-28 13:50:23,656.4,330702,18,658.02,55965,155746,0.29796011918403725,0
2023-07-28 13:50:23,656.4,330702,18,658.02,55969,155746,0.29796011918403725,0
2023-07-28 13:50:23,656.4,330702,18,658.02,55969,155746,0.29796011918403725,0
2023-07-28 13:50:23,656.4,330702,18,658.02,55969,155881,0.29796011918403725,0
2023-07-28 13:50:23,656.4,330702,18,658.02,55969,155782,0.29796011918403725,0
2023-07-28 13:50:23,656.0,330702,25,658.02,55969,155782,0.23684009473603093,0
2023-07-28 13:50:41,656.0,330729,25,658.02,55910,155861,0.23684009473603093,0
2023-07-28 13:50:41,656.0,330729,25,658.02,55835,155763,0.23684009473603093,0
2023-07-28 13:50:41,656.0,330729,25,658.02,55836,155813,0.23684009473603093,0
2023-07-28 13:50:41,656.4,330729,1,658.02,55836,155813,0.29796011918403725,0
2023-07-28 13:50:53,656.4,330730,1,658.02,55836,155862,0.29796011918403725,0
2023-07-28 13:50:53,656.4,330730,1,658.02,55836,155862,0.29796011918403725,0
2023-07-28 13:50:53,656.4,330730,1,658.02,55886,155862,0.29796011918403725,0
2023-07-28 13:51:09,656.0,330732,2,658.02,55924,155863,0.23684009473603093,0
2023-07-28 13:51:09,656.4,330732,49,658.02,55924,155863,0.29796011918403725,0
2023-07-28 13:51:10,656.4,330781,49,658.02,56056,155853,0.29796011918403725,0
2023-07-28 13:51:10,656.0,330781,15,658.02,56056,155853,0.23684009473603093,0
2023-07-28 13:51:10,656.05,330781,2,658.02,56056,155853,0.2444800977920252,0
2023-07-28 13:51:10,656.05,330781,2,658.02,56056,155853,0.2444800977920252,0
2023-07-28 13:51:13,656.05,330851,2,658.02,55985,156122,0.2444800977920252,0
2023-07-28 13:51:13,656.35,330851,2,658.02,55985,156122,0.290320116128043,0
2023-07-28 13:51:14,656.35,330853,2,658.02,56013,155994,0.290320116128043,0
2023-07-28 13:51:19,656.0,330991,16,658.02,55900,155956,0.23684009473603093,0
2023-07-28 13:51:22,656.0,330993,2,658.02,55898,155956,0.23684009473603093,0
2023-07-28 13:51:22,656.45,330993,16,658.02,55898,155956,0.3056001222400489,0
2023-07-28 13:51:25,656.45,331031,16,658.02,55933,155970,0.3056001222400489,0
2023-07-28 13:51:25,656.45,331031,16,658.02,55934,155900,0.3056001222400489,0
2023-07-28 13:51:25,656.45,331031,16,658.02,55934,155912,0.3056001222400489,0
2023-07-28 13:51:25,656.45,331031,16,658.02,55935,155912,0.3056001222400489,0
2023-07-28 13:51:25,656.45,331031,10,658.02,55935,155912,0.3056001222400489,0
2023-07-28 13:51:39,656.45,331041,10,658.02,55939,155902,0.3056001222400489,0
2023-07-28 13:51:39,656.45,331041,10,658.02,56011,155902,0.3056001222400489,0
2023-07-28 13:51:39,656.45,331041,2,658.02,56011,155902,0.3056001222400489,0
2023-07-28 13:51:43,656.45,331043,2,658.02,56009,155813,0.3056001222400489,0
2023-07-28 13:51:43,656.45,331043,2,658.02,56009,155813,0.3056001222400489,0
2023-07-28 13:51:43,656.45,331043,2,658.02,56009,155882,0.3056001222400489,0
2023-07-28 13:51:43,656.45,331043,4,658.02,56009,155882,0.3056001222400489,0
2023-07-28 13:51:50,656.45,331072,4,658.02,56009,155853,0.3056001222400489,0
2023-07-28 13:51:54,656.45,331073,1,658.02,56009,155857,0.3056001222400489,0
2023-07-28 13:51:54,656.5,331073,30,658.02,56009,155857,0.31324012529604317,0
2023-07-28 13:51:55,656.5,331132,30,658.02,56178,155524,0.31324012529604317,0
2023-07-28 13:51:55,656.5,331132,30,658.02,56324,155502,0.31324012529604317,0
2023-07-28 13:51:55,656.9,331132,2,658.02,56324,155502,0.37436014974404946,0
2023-07-28 13:52:05,656.9,331172,2,658.02,56449,155498,0.37436014974404946,0
2023-07-28 13:52:05,656.9,331172,2,658.02,56489,155363,0.37436014974404946,0
2023-07-28 13:52:05,656.9,331172,2,658.02,56604,155363,0.37436014974404946,0
2023-07-28 13:52:05,656.9,331172,2,658.02,56644,155363,0.37436014974404946,0
2023-07-28 13:52:05,656.9,331172,2,658.02,56713,155363,0.37436014974404946,0
2023-07-28 13:52:05,656.9,331172,2,658.02,56720,155362,0.37436014974404946,0
2023-07-28 13:52:05,656.9,331172,2,658.02,56720,155352,0.37436014974404946,0
2023-07-28 13:52:05,656.9,331172,2,658.02,56765,155352,0.37436014974404946,0
2023-07-28 13:52:05,656.45,331172,12,658.02,56765,155352,0.3056001222400489,0
2023-07-28 13:52:33,656.45,331184,12,658.02,56753,155382,0.3056001222400489,0
2023-07-28 13:52:37,656.85,331194,5,658.02,56753,155372,0.3667201466880552,0
2023-07-28 13:52:37,656.85,331194,5,658.02,56765,155409,0.3667201466880552,0
2023-07-28 13:52:37,656.85,331194,5,658.02,56765,155414,0.3667201466880552,0
2023-07-28 13:52:37,656.85,331194,5,658.02,56765,155387,0.3667201466880552,0
2023-07-28 13:52:37,656.85,331194,5,658.02,56734,155347,0.3667201466880552,0
2023-07-28 13:52:37,656.45,331194,1,658.02,56734,155347,0.3056001222400489,0
2023-07-28 13:52:55,656.45,331195,1,658.02,56593,155387,0.3056001222400489,0
2023-07-28 13:52:55,657.0,331195,7,658.02,56593,155387,0.3896401558560554,0
2023-07-28 13:52:59,657.0,331423,7,658.02,56865,155304,0.3896401558560554,0
2023-07-28 13:52:59,657.0,331423,7,658.02,56897,155105,0.3896401558560554,0
2023-07-28 13:52:59,657.0,331423,7,658.02,56942,155177,0.3896401558560554,0
2023-07-28 13:52:59,656.6,331423,4,658.02,56943,155177,0.3285201314080491,0
2023-07-28 13:53:07,656.6,331443,4,658.02,56856,155163,0.3285201314080491,0
2023-07-28 13:53:07,656.6,331443,4,658.02,56769,155239,0.3285201314080491,0
2023-07-28 13:53:07,657.0,331443,3,658.02,56769,155239,0.3896401558560554,0
2023-07-28 13:53:07,657.0,331443,1,658.02,56769,155239,0.3896401558560554,0
2023-07-28 13:53:07,656.6,331443,1,658.02,56769,155239,0.3285201314080491,0
2023-07-28 13:53:23,656.6,331465,1,658.02,56872,155226,0.3285201314080491,0
2023-07-28 13:53:26,657.0,331624,156,658.02,56989,155132,0.3896401558560554,0
2023-07-28 13:53:26,657.0,331624,156,658.02,56989,155132,0.3896401558560554,0
2023-07-28 13:53:26,657.2,331624,11,658.02,56989,155132,0.4202001680800672,0
2023-07-28 13:53:27,657.2,331654,11,658.02,56989,155118,0.4202001680800672,0
2023-07-28 13:53:27,657.2,331654,1,658.02,56989,155118,0.4202001680800672,0
2023-07-28 13:53:29,657.2,331655,1,658.02,57186,155099,0.4202001680800672,0
2023-07-28 13:53:29,657.2,331655,1,658.02,57246,155085,0.4202001680800672,0
2023-07-28 13:53:29,657.2,331655,1,658.02,57201,155085,0.4202001680800672,0
2023-07-28 13:53:39,657.25,331706,48,658.02,57261,154789,0.4278401711360615,0
2023-07-28 13:53:39,657.25,331706,48,658.02,57377,154885,0.4278401711360615,0
2023-07-28 13:53:39,657.0,331706,25,658.02,57377,154885,0.3896401558560554,0
2023-07-28 13:53:44,657.0,331731,25,658.02,57402,154903,0.3896401558560554,0
2023-07-28 13:53:44,657.0,331731,25,658.02,57402,154930,0.3896401558560554,0
2023-07-28 13:53:59,657.0,331732,1,658.02,57256,154930,0.3896401558560554,0
2023-07-28 13:53:59,656.55,331732,30,658.02,57256,154930,0.32088012835203744,0
2023-07-28 13:54:00,656.55,331932,30,658.01,56944,155394,0.32088012835203744,0
2023-07-28 13:54:00,656.55,331932,30,658.01,56944,155455,0.32088012835203744,0
2023-07-28 13:54:00,656.55,331932,30,658.01,56944,155594,0.32088012835203744,0
2023-07-28 13:54:00,656.55,331932,30,658.01,56944,155577,0.32088012835203744,0
2023-07-28 13:54:00,656.55,331932,30,658.01,56939,155617,0.32088012835203744,0
2023-07-28 13:54:00,656.55,331932,13,658.01,56939,155617,0.32088012835203744,0
2023-07-28 13:54:00,657.0,331932,2,658.01,56939,155617,0.3896401558560554,0
2023-07-28 13:54:16,657.0,332034,2,658.01,56825,155832,0.3896401558560554,0
2023-07-28 13:54:16,657.0,332034,2,658.01,56825,155867,0.3896401558560554,0
2023-07-28 13:54:16,657.0,332034,2,658.01,56925,155922,0.3896401558560554,0
2023-07-28 13:54:16,656.45,332034,4,658.01,56925,155922,0.3056001222400489,0
2023-07-28 13:54:21,656.35,332084,2,658.01,56786,155946,0.290320116128043,0
2023-07-28 13:54:23,656.35,332086,2,658.01,56784,155946,0.290320116128043,0
2023-07-28 13:54:23,656.85,332086,1,658.01,56784,155946,0.3667201466880552,0
2023-07-28 13:54:26,656.85,332087,1,658.01,56785,155946,0.3667201466880552,0
2023-07-28 13:54:26,656.9,332087,56,658.01,56785,155946,0.37436014974404946,0
2023-07-28 13:54:29,656.9,332159,56,658.01,56932,155443,0.37436014974404946,0
2023-07-28 13:54:29,656.9,332159,56,658.01,57035,155427,0.37436014974404946,0
2023-07-28 13:54:29,656.9,332159,56,658.01,57173,155427,0.37436014974404946,0
2023-07-28 13:54:29,656.9,332159,56,658.01,57033,155212,0.37436014974404946,0
2023-07-28 13:54:29,656.9,332159,56,658.01,57034,155212,0.37436014974404946,0
2023-07-28 13:54:29,656.9,332159,56,658.01,57039,155212,0.37436014974404946,0
2023-07-28 13:54:29,656.9,332159,56,658.01,56993,155230,0.37436014974404946,0
2023-07-28 13:54:29,656.95,332159,10,658.01,56880,155437,0.3820001528000611,0
2023-07-28 13:54:46,656.95,332169,10,658.01,57094,155285,0.3820001528000611,0
2023-07-28 13:54:54,657.0,332187,2,658.01,57190,155181,0.3896401558560554,0
2023-07-28 13:54:54,657.0,332187,68,658.01,57190,155181,0.3896401558560554,0
2023-07-28 13:55:00,657.0,332287,68,658.01,57216,155117,0.3896401558560554,0
2023-07-28 13:55:00,657.0,332287,68,658.01,57264,154956,0.3896401558560554,0
2023-07-28 13:55:00,657.0,332287,68,658.01,57264,154956,0.3896401558560554,0
2023-07-28 13:55:00,657.0,332287,68,658.01,57248,154956,0.3896401558560554,0
2023-07-28 13:55:00,657.0,332287,68,658.01,57248,155156,0.3896401558560554,0
2023-07-28 13:55:00,657.25,332287,2,658.01,57248,155156,0.4278401711360615,0
2023-07-28 13:55:13,657.25,332289,2,658.01,57245,155154,0.4278401711360615,0
2023-07-28 13:55:13,657.25,332289,2,658.01,57245,155154,0.4278401711360615,0
2023-07-28 13:55:13,657.7,332289,88,658.01,57245,155154,0.4966001986400794,0
2023-07-28 13:55:13,657.0,332289,5,658.01,57245,155154,0.3896401558560554,0
2023-07-28 13:55:19,657.35,332549,5,658.01,57221,155354,0.4431201772480674,0
2023-07-28 13:55:19,657.55,332549,13,658.01,57221,155354,0.47368018947206186,0
2023-07-28 13:55:22,657.25,332989,58,658.01,57543,154877,0.4278401711360615,0
2023-07-28 13:55:22,657.25,332989,58,658.01,57543,154877,0.4278401711360615,0
2023-07-28 13:55:22,657.25,332989,58,658.01,57544,154877,0.4278401711360615,0
2023-07-28 13:55:22,657.5,332989,1,658.01,57544,154877,0.4660401864160676,0
2023-07-28 13:55:27,657.5,332990,1,658.01,57687,154993,0.4660401864160676,0
2023-07-28 13:55:27,657.5,332990,1,658.01,57682,154993,0.4660401864160676,0
2023-07-28 13:55:27,656.9,332990,34,658.01,57682,154993,0.37436014974404946,0
2023-07-28 13:55:32,656.9,333060,34,658.01,57397,155318,0.37436014974404946,0
2023-07-28 13:55:32,656.9,333060,34,658.01,57397,155362,0.37436014974404946,0
2023-07-28 13:55:32,657.25,333060,10,658.01,57397,155362,0.4278401711360615,0
2023-07-28 13:55:37,657.25,333070,10,658.01,57657,155136,0.4278401711360615,0
2023-07-28 13:55:37,657.25,333070,10,658.01,57662,155136,0.4278401711360615,0
2023-07-28 13:55:37,657.4,333070,1,658.01,57662,155136,0.4507601803040617,0
2023-07-28 13:55:49,657.4,333071,1,658.01,57668,155135,0.4507601803040617,0
2023-07-28 13:55:49,657.25,333071,63,658.01,57668,155135,0.4278401711360615,0
2023-07-28 13:55:53,657.25,333134,63,658.01,57662,154988,0.4278401711360615,0
2023-07-28 13:55:57,656.9,333137,3,658.01,57659,155036,0.37436014974404946,0
2023-07-28 13:55:57,657.5,333137,25,658.01,57659,155036,0.4660401864160676,0
2023-07-28 13:56:01,657.5,333162,25,658.01,57631,155011,0.4660401864160676,0
2023-07-28 13:56:03,656.9,333164,2,658.01,57634,155011,0.37436014974404946,0
2023-07-28 13:56:03,657.6,333164,2,658.01,57634,155011,0.4813201925280735,0
2023-07-28 13:56:05,657.6,333264,2,658.01,57673,154933,0.4813201925280735,0
2023-07-28 13:56:05,657.0,333264,18,658.01,57673,154933,0.3896401558560554,0
2023-07-28 13:56:08,657.0,333314,18,658.01,57153,155397,0.3896401558560554,0
2023-07-28 13:56:08,657.0,333314,18,658.01,57152,155446,0.3896401558560554,0
2023-07-28 13:56:08,657.0,333314,18,658.01,57136,155446,0.3896401558560554,0
2023-07-28 13:56:08,657.0,333314,18,658.01,57001,155366,0.3896401558560554,0
2023-07-28 13:56:08,656.9,333314,10,658.01,57001,155366,0.37436014974404946,0
2023-07-28 13:56:19,656.9,333324,10,658.01,57061,155365,0.37436014974404946,0
2023-07-28 13:56:19,656.9,333324,10,658.01,57018,155370,0.37436014974404946,0
2023-07-28 13:56:19,656.6,333324,9,658.01,57018,155370,0.3285201314080491,0
2023-07-28 13:56:26,656.6,333349,9,658.01,56983,155626,0.3285201314080491,0
2023-07-28 13:56:26,656.6,333349,9,658.01,56977,155620,0.3285201314080491,0
2023-07-28 13:56:26,656.6,333349,9,658.01,56978,155620,0.3285201314080491,0
2023-07-28 13:56:26,656.6,333349,9,658.01,56983,155620,0.3285201314080491,0
2023-07-28 13:56:26,656.6,333349,9,658.01,56968,155620,0.3285201314080491,0
2023-07-28 13:56:26,656.3,333349,5,658.01,56968,155620,0.28268011307203134,0
2023-07-28 13:56:40,656.3,333355,5,658.01,56980,155817,0.28268011307203134,0
2023-07-28 13:56:40,656.35,333355,10,658.01,56980,155817,0.290320116128043,0
2023-07-28 13:56:43,656.35,333365,10,658.01,57002,155817,0.290320116128043,0
2023-07-28 13:56:43,656.9,333365,29,658.01,57002,155817,0.37436014974404946,0
2023-07-28 13:56:47,656.9,333410,29,658.01,57125,155447,0.37436014974404946,0
2023-07-28 13:56:47,656.9,333410,11,658.01,57125,155447,0.37436014974404946,0
2023-07-28 13:56:49,656.9,333426,11,658.01,57126,155451,0.37436014974404946,0
2023-07-28 13:56:49,656.9,333426,11,658.01,57126,155451,0.37436014974404946,0
2023-07-28 13:56:49,656.45,333426,2,658.01,57126,155451,0.3056001222400489,0
2023-07-28 13:57:00,656.45,333428,2,658.01,57115,155453,0.3056001222400489,0
2023-07-28 13:57:00,656.45,333428,2,658.01,57116,155453,0.3056001222400489,0
2023-07-28 13:57:00,656.45,333428,2,658.01,57126,155454,0.3056001222400489,0
2023-07-28 13:57:00,656.45,333428,2,658.01,57126,155454,0.3056001222400489,0
2023-07-28 13:57:00,656.45,333428,2,658.01,57136,155450,0.3056001222400489,0
2023-07-28 13:57:00,656.45,333428,2,658.01,57136,155450,0.3056001222400489,0
2023-07-28 13:57:00,657.0,333428,1,658.01,57136,155450,0.3896401558560554,0
2023-07-28 13:57:21,657.0,333429,1,658.01,57155,155449,0.3896401558560554,0
2023-07-28 13:57:21,657.0,333429,1,658.01,57258,155449,0.3896401558560554,0
2023-07-28 13:57:26,657.0,333599,160,658.01,57248,155158,0.3896401558560554,0
2023-07-28 13:57:26,657.0,333599,1,658.01,57248,155158,0.3896401558560554,0
2023-07-28 13:57:33,657.0,333707,4,658.01,57248,155060,0.3896401558560554,0
2023-07-28 13:57:33,656.65,333707,14,658.01,57248,155060,0.33616013446404336,0
2023-07-28 13:57:36,656.65,333737,14,658.01,57246,155165,0.33616013446404336,0
2023-07-28 13:57:36,656.65,333737,14,658.01,57239,155042,0.33616013446404336,0
2023-07-28 13:57:41,657.0,333742,5,658.01,57239,155037,0.3896401558560554,0
2023-07-28 13:57:41,657.0,333742,5,658.01,57256,155037,0.3896401558560554,0
2023-07-28 13:57:41,657.0,333742,5,658.01,57206,155037,0.3896401558560554,0
2023-07-28 13:58:04,657.0,333752,10,658.01,57204,155046,0.3896401558560554,0
2023-07-28 13:58:04,657.0,333752,25,658.01,57204,155046,0.3896401558560554,0
2023-07-28 13:58:05,657.0,333777,25,658.01,57204,155169,0.3896401558560554,0
2023-07-28 13:58:05,657.0,333777,25,658.01,57204,155169,0.3896401558560554,0
2023-07-28 13:58:05,657.0,333777,25,658.01,57204,155169,0.3896401558560554,0
2023-07-28 13:58:05,657.0,333777,1,658.01,57204,155169,0.3896401558560554,0
2023-07-28 13:58:15,657.0,333778,1,658.01,57204,155168,0.3896401558560554,0
2023-07-28 13:58:15,656.3,333778,114,658.01,57204,155168,0.28268011307203134,0
2023-07-28 13:58:17,656.3,334278,114,658.01,56932,155274,0.28268011307203134,0
2023-07-28 13:58:17,657.0,334278,2,658.01,56932,155274,0.3896401558560554,0
2023-07-28 13:58:19,657.0,334285,2,658.01,56975,155118,0.3896401558560554,0
2023-07-28 13:58:19,657.0,334285,2,658.01,56975,155118,0.3896401558560554,0
2023-07-28 13:58:24,657.0,334292,2,658.01,56970,155116,0.3896401558560554,0
2023-07-28 13:58:24,657.0,334292,2,658.01,56970,155141,0.3896401558560554,0
2023-07-28 13:58:24,656.0,334292,59,658.01,56970,155141,0.23684009473603093,0
2023-07-28 13:58:29,656.0,335617,59,658.0,55953,155952,0.23684009473603093,0
2023-07-28 13:58:29,656.0,335617,2,658.0,55953,155952,0.23684009473603093,0
2023-07-28 13:58:31,656.0,335644,2,658.0,55926,156210,0.23684009473603093,0
2023-07-28 13:58:31,656.0,335644,2,658.0,55926,156210,0.23684009473603093,0
2023-07-28 13:58:31,656.45,335644,1,658.0,55926,156210,0.3056001222400489,0
2023-07-28 13:58:35,656.45,335645,1,658.0,55962,156235,0.3056001222400489,0
2023-07-28 13:58:35,656.55,335645,1,658.0,55962,156235,0.32088012835203744,0
2023-07-28 13:58:39,656.55,335646,1,658.0,55963,156235,0.32088012835203744,0
2023-07-28 13:58:39,656.55,335646,1,658.0,55963,156235,0.32088012835203744,0
2023-07-28 13:58:39,655.55,335646,35,658.0,55963,156235,0.168080067232013,0
2023-07-28 13:58:40,655.55,336126,35,658.0,55396,156153,0.168080067232013,0
2023-07-28 13:58:40,656.3,336126,16,658.0,55396,156153,0.28268011307203134,0
2023-07-28 13:58:40,656.55,336126,7,658.0,55396,156153,0.32088012835203744,0
2023-07-28 13:58:46,656.55,336149,7,658.0,55860,155685,0.32088012835203744,0
2023-07-28 13:58:46,656.55,336149,7,658.0,55862,155685,0.32088012835203744,0
2023-07-28 13:58:46,656.55,336149,7,658.0,55881,155685,0.32088012835203744,0
2023-07-28 13:58:46,656.55,336149,7,658.0,55787,155685,0.32088012835203744,0
2023-07-28 13:58:46,655.95,336149,7,658.0,55787,155685,0.22920009168003666,0
2023-07-28 13:59:03,655.95,336199,7,658.0,55731,155866,0.22920009168003666,0
2023-07-28 13:59:07,656.5,336299,68,658.0,55827,155751,0.31324012529604317,0
2023-07-28 13:59:07,656.5,336299,68,658.0,55870,155751,0.31324012529604317,0
2023-07-28 13:59:14,655.95,336326,11,658.0,55608,155967,0.22920009168003666,0
2023-07-28 13:59:14,655.95,336326,11,658.0,55609,155967,0.22920009168003666,0
2023-07-28 13:59:14,655.95,336326,11,658.0,56040,155967,0.22920009168003666,0
2023-07-28 13:59:14,655.95,336326,11,658.0,56140,155967,0.22920009168003666,0
2023-07-28 13:59:14,656.4,336326,2,658.0,56140,155967,0.29796011918403725,0
2023-07-28 13:59:35,656.4,336328,2,658.0,56113,155792,0.29796011918403725,0
2023-07-28 13:59:35,656.4,336328,2,658.0,56113,155820,0.29796011918403725,0
2023-07-28 13:59:35,656.4,336328,34,658.0,56113,155820,0.29796011918403725,0
2023-07-28 13:59:41,655.95,336379,1,658.0,56269,155789,0.22920009168003666,0
2023-07-28 13:59:41,655.95,336379,1,658.0,56270,155789,0.22920009168003666,0
2023-07-28 13:59:41,656.05,336379,9,658.0,56270,155789,0.2444800977920252,0
2023-07-28 13:59:46,656.05,336388,9,658.0,56359,155616,0.2444800977920252,0
2023-07-28 13:59:46,656.05,336388,9,658.0,56537,155366,0.2444800977920252,0
2023-07-28 13:59:46,656.05,336388,9,658.0,56597,155366,0.2444800977920252,0
2023-07-28 13:59:46,656.35,336388,1,658.0,56597,155366,0.290320116128043,0
2023-07-28 14:00:06,656.35,336389,1,658.0,56596,155366,0.290320116128043,0
2023-07-28 14:00:06,656.85,336389,10,658.0,56648,155461,0.3667201466880552,0
2023-07-28 14:00:13,656.85,336399,10,658.0,56653,155451,0.3667201466880552,0
2023-07-28 14:00:13,656.85,336399,10,658.0,56756,155551,0.3667201466880552,0
2023-07-28 14:00:20,656.9,336420,9,658.0,56902,155530,0.37436014974404946,0
2023-07-28 14:00:20,656.9,336420,9,658.0,56982,155491,0.37436014974404946,0
2023-07-28 14:00:20,657.0,336420,10,658.0,56982,155491,0.3896401558560554,0
2023-07-28 14:00:28,657.0,336928,10,657.99,57153,155166,0.3896401558560554,0
2023-07-28 14:00:28,657.0,336928,1,657.99,57153,155166,0.3896401558560554,0
2023-07-28 14:00:28,656.85,336928,5,657.99,57153,155166,0.3667201466880552,0
2023-07-28 14:00:33,656.85,336939,5,657.99,57149,155171,0.3667201466880552,0
2023-07-28 14:00:33,656.85,336939,5,657.99,57149,155383,0.3667201466880552,0
2023-07-28 14:00:44,656.6,337039,5,657.99,57102,155512,0.3285201314080491,0
2023-07-28 14:00:44,656.6,337039,5,657.99,57102,155512,0.3285201314080491,0
2023-07-28 14:00:44,656.6,337039,5,657.99,57102,155512,0.3285201314080491,0
2023-07-28 14:00:44,656.6,337039,5,657.99,57058,155512,0.3285201314080491,0
2023-07-28 14:00:44,656.6,337039,5,657.99,57130,155512,0.3285201314080491,0
2023-07-28 14:00:44,656.6,337039,5,657.99,57130,155523,0.3285201314080491,0
2023-07-28 14:00:44,656.6,337039,5,657.99,57196,155523,0.3285201314080491,0
2023-07-28 14:00:44,656.6,337039,5,657.99,57216,155523,0.3285201314080491,0
2023-07-28 14:00:44,656.6,337039,5,657.99,57194,155523,0.3285201314080491,0
2023-07-28 14:00:44,656.6,337039,5,657.99,57234,155523,0.3285201314080491,0
2023-07-28 14:00:44,657.0,337039,15,657.99,57234,155523,0.3896401558560554,0
2023-07-28 14:01:12,657.0,337054,15,657.99,57380,155524,0.3896401558560554,0
2023-07-28 14:01:12,657.0,337054,15,657.99,57275,155384,0.3896401558560554,0
2023-07-28 14:01:12,657.0,337054,15,657.99,57278,155384,0.3896401558560554,0
2023-07-28 14:01:12,657.0,337054,15,657.99,57278,155350,0.3896401558560554,0
2023-07-28 14:01:12,657.0,337054,15,657.99,57295,155350,0.3896401558560554,0
2023-07-28 14:01:34,656.95,337074,10,657.99,57295,155347,0.3820001528000611,0
2023-07-28 14:01:34,656.7,337074,2,657.99,57295,155347,0.343800137520055,0
2023-07-28 14:01:34,657.0,337074,17,657.99,57295,155347,0.3896401558560554,0
2023-07-28 14:01:40,657.0,337103,17,657.99,57414,155117,0.3896401558560554,0
2023-07-28 14:01:40,657.3,337103,1,657.99,57414,155117,0.43548017419205576,0
2023-07-28 14:01:40,656.8,337103,12,657.99,57414,155117,0.35908014363204355,0
2023-07-28 14:01:43,656.8,337116,12,657.99,57490,155104,0.35908014363204355,0
2023-07-28 14:01:43,657.3,337116,5,657.99,57490,155104,0.43548017419205576,0
2023-07-28 14:01:44,657.3,337121,5,657.99,57577,155085,0.43548017419205576,0
2023-07-28 14:01:44,657.3,337121,5,657.99,57577,154898,0.43548017419205576,0
2023-07-28 14:01:44,657.3,337121,5,657.99,57593,154903,0.43548017419205576,0
2023-07-28 14:01:44,657.3,337121,5,657.99,57593,154943,0.43548017419205576,0
2023-07-28 14:01:44,657.3,337121,1,657.99,57593,154943,0.43548017419205576,0
2023-07-28 14:02:01,657.3,337122,1,657.99,57593,154942,0.43548017419205576,0
2023-07-28 14:02:01,657.3,337122,1,657.99,57436,154974,0.43548017419205576,0
2023-07-28 14:02:01,657.3,337122,1,657.99,57466,154984,0.43548017419205576,0
2023-07-28 14:02:01,657.3,337122,1,657.99,57420,154985,0.43548017419205576,0
2023-07-28 14:02:01,656.75,337122,32,657.99,57420,154985,0.3514401405760493,0
2023-07-28 14:02:12,656.75,337162,32,657.99,57274,155240,0.3514401405760493,0
2023-07-28 14:02:12,656.75,337162,32,657.99,57274,155265,0.3514401405760493,0
2023-07-28 14:02:12,656.75,337162,32,657.99,57274,155265,0.3514401405760493,0
2023-07-28 14:02:12,656.75,337162,32,657.99,57245,155298,0.3514401405760493,0
2023-07-28 14:02:26,656.7,337177,15,657.99,57230,155298,0.343800137520055,0
2023-07-28 14:02:26,656.7,337177,15,657.99,57213,155298,0.343800137520055,0
2023-07-28 14:02:26,656.7,337177,15,657.99,57213,155274,0.343800137520055,0
2023-07-28 14:02:26,657.25,337177,24,657.99,57213,155274,0.4278401711360615,0
2023-07-28 14:02:34,657.25,337327,24,657.99,57213,154996,0.4278401711360615,0
2023-07-28 14:02:34,656.65,337327,3,657.99,57213,154996,0.33616013446404336,0
2023-07-28 14:02:39,656.65,337333,3,657.99,57207,154996,0.33616013446404336,0
2023-07-28 14:02:39,656.65,337333,3,657.99,57208,154996,0.33616013446404336,0
2023-07-28 14:02:39,656.65,337333,3,657.99,57208,154996,0.33616013446404336,0
2023-07-28 14:02:39,656.65,337333,3,657.99,57212,154996,0.33616013446404336,0
2023-07-28 14:02:39,656.65,337333,3,657.99,57062,154996,0.33616013446404336,0
2023-07-28 14:02:39,657.15,337333,2,657.99,57062,154996,0.41256016502405557,0
2023-07-28 14:03:01,657.15,337335,2,657.99,57065,155014,0.41256016502405557,0
2023-07-28 14:03:01,657.15,337335,2,657.99,57083,155014,0.41256016502405557,0
2023-07-28 14:03:01,656.65,337335,4,657.99,57083,155014,0.33616013446404336,0
2023-07-28 14:03:05,656.65,337340,4,657.99,57078,155014,0.33616013446404336,0
2023-07-28 14:03:05,656.2,337340,2,657.99,57078,155014,0.26740010696004274,0
2023-07-28 14:03:10,656.85,337375,3,657.99,56946,155237,0.3667201466880552,0
2023-07-28 14:03:10,656.85,337375,3,657.99,56951,155237,0.3667201466880552,0
2023-07-28 14:03:10,656.85,337375,3,657.99,56891,155237,0.3667201466880552,0
2023-07-28 14:03:10,656.85,337375,3,657.99,56891,155248,0.3667201466880552,0
2023-07-28 14:03:10,656.3,337375,10,657.99,56891,155248,0.28268011307203134,0
2023-07-28 14:03:21,656.3,337385,10,657.99,56845,155248,0.28268011307203134,0
2023-07-28 14:03:21,656.3,337385,10,657.99,56912,155208,0.28268011307203134,0
2023-07-28 14:03:21,656.3,337385,10,657.99,56912,155308,0.28268011307203134,0
2023-07-28 14:03:21,656.35,337385,1,657.99,56912,155308,0.290320116128043,0
2023-07-28 14:03:33,656.35,337386,1,657.99,56912,155309,0.290320116128043,0
2023-07-28 14:03:33,656.35,337386,1,657.99,56913,155309,0.290320116128043,0
2023-07-28 14:03:33,656.9,337386,2,657.99,56913,155309,0.37436014974404946,0
2023-07-28 14:03:38,656.9,337388,2,657.99,56913,155307,0.37436014974404946,0
2023-07-28 14:03:41,656.4,337394,6,657.99,56913,155313,0.29796011918403725,0
2023-07-28 14:03:41,656.25,337394,12,657.99,56913,155313,0.27504011001603706,0
2023-07-28 14:03:45,656.25,337445,12,657.99,57031,155322,0.27504011001603706,0
2023-07-28 14:03:45,656.85,337445,15,657.99,57031,155322,0.3667201466880552,0
2023-07-28 14:03:50,656.85,337460,15,657.99,57038,155315,0.3667201466880552,0
2023-07-28 14:03:50,656.25,337460,41,657.99,57038,155315,0.27504011001603706,0
2023-07-28 14:03:53,656.25,337560,41,657.99,56847,155423,0.27504011001603706,0
2023-07-28 14:03:53,656.25,337560,41,657.99,56847,155523,0.27504011001603706,0
2023-07-28 14:04:00,656.15,337564,4,657.99,56858,155523,0.25976010390403115,0
2023-07-28 14:04:02,656.15,337576,12,657.99,56867,155303,0.25976010390403115,0
2023-07-28 14:04:02,656.15,337576,3,657.99,56867,155303,0.25976010390403115,0
2023-07-28 14:04:05,656.65,337614,30,657.99,57027,154883,0.33616013446404336,0
2023-07-28 14:04:05,656.65,337614,30,657.99,57172,155006,0.33616013446404336,0
2023-07-28 14:04:09,656.25,337644,19,657.99,56896,155246,0.27504011001603706,0
2023-07-28 14:04:09,656.75,337644,1,657.99,56896,155246,0.3514401405760493,0
2023-07-28 14:04:11,656.75,337645,1,657.99,56897,155271,0.3514401405760493,0
2023-07-28 14:04:11,656.25,337645,16,657.99,56897,155271,0.27504011001603706,0
2023-07-28 14:04:15,656.25,337661,16,657.99,56859,155488,0.27504011001603706,0
2023-07-28 14:04:15,656.05,337661,10,657.99,56859,155488,0.2444800977920252,0
2023-07-28 14:04:24,656.05,337671,10,657.99,56764,155517,0.2444800977920252,0
2023-07-28 14:04:24,656.25,337671,1,657.99,56764,155517,0.27504011001603706,0
2023-07-28 14:04:26,656.25,337672,1,657.99,56767,155516,0.27504011001603706,0
2023-07-28 14:04:26,656.25,337672,1,657.99,56764,155581,0.27504011001603706,0
2023-07-28 14:04:26,656.25,337672,1,657.99,56764,155589,0.27504011001603706,0
2023-07-28 14:04:26,656.05,337672,33,657.99,56764,155589,0.2444800977920252,0
2023-07-28 14:04:32,656.05,337705,33,657.99,56854,155578,0.2444800977920252,0
2023-07-28 14:04:32,656.05,337705,33,657.99,56729,155578,0.2444800977920252,0
2023-07-28 14:04:32,656.75,337705,15,657.99,56729,155578,0.3514401405760493,0
2023-07-28 14:04:38,656.75,337783,15,657.99,56820,155229,0.3514401405760493,0
2023-07-28 14:04:38,656.8,337783,21,657.99,56820,155229,0.35908014363204355,0
2023-07-28 14:04:44,656.8,337804,21,657.99,56820,155208,0.35908014363204355,0
2023-07-28 14:04:44,656.8,337804,21,657.99,56850,155208,0.35908014363204355,0
2023-07-28 14:04:44,656.8,337804,6,657.99,56850,155208,0.35908014363204355,0
2023-07-28 14:04:52,656.8,337810,6,657.99,56946,155062,0.35908014363204355,0
2023-07-28 14:04:52,656.75,337810,1,657.99,56946,155062,0.3514401405760493,0
2023-07-28 14:04:52,656.4,337810,2,657.99,56946,155062,0.29796011918403725,0
2023-07-28 14:04:57,656.4,337818,2,657.99,56950,155106,0.29796011918403725,0
2023-07-28 14:04:57,656.4,337818,2,657.99,56980,155106,0.29796011918403725,0
2023-07-28 14:04:57,656.4,337818,2,657.99,56980,155046,0.29796011918403725,0
2023-07-28 14:04:57,656.4,337818,2,657.99,57000,155046,0.29796011918403725,0
2023-07-28 14:04:57,656.4,337818,2,657.99,56920,155046,0.29796011918403725,0
2023-07-28 14:05:20,656.35,337916,30,657.99,56808,155347,0.290320116128043,0
2023-07-28 14:05:20,656.35,337916,30,657.99,56808,155354,0.290320116128043,0
2023-07-28 14:05:20,656.35,337916,2,657.99,56808,155354,0.290320116128043,0
2023-07-28 14:05:20,656.3,337916,5,657.99,56808,155354,0.28268011307203134,0
2023-07-28 14:05:24,656.3,337926,5,657.99,56694,155463,0.28268011307203134,0
2023-07-28 14:05:24,656.3,337926,5,657.99,56694,155463,0.28268011307203134,0
2023-07-28 14:05:24,656.75,337926,15,657.99,56694,155443,0.3514401405760493,0
2023-07-28 14:05:30,656.75,337941,15,657.99,56766,155428,0.3514401405760493,0
2023-07-28 14:05:30,656.15,337941,23,657.99,56766,155428,0.25976010390403115,0
2023-07-28 14:05:36,656.15,338096,23,657.99,56575,155703,0.25976010390403115,0
2023-07-28 14:05:36,656.15,338096,23,657.99,56575,155703,0.25976010390403115,0
2023-07-28 14:05:36,656.15,338096,23,657.99,56557,155703,0.25976010390403115,0
2023-07-28 14:05:36,656.15,338096,23,657.99,56557,155783,0.25976010390403115,0
2023-07-28 14:05:36,656.15,338096,23,657.99,56537,155650,0.25976010390403115,0
2023-07-28 14:05:36,656.55,338096,1,657.99,56537,155650,0.32088012835203744,0
2023-07-28 14:05:59,656.55,338106,1,657.99,56507,155678,0.32088012835203744,0
2023-07-28 14:05:59,656.6,338106,3,657.99,56507,155678,0.3285201314080491,0
2023-07-28 14:06:00,656.6,338109,3,657.99,56507,155675,0.3285201314080491,0
2023-07-28 14:06:00,656.65,338109,58,657.99,56507,155675,0.33616013446404336,0
2023-07-28 14:06:09,656.65,338209,58,657.99,56734,155238,0.33616013446404336,0
2023-07-28 14:06:09,656.65,338209,58,657.99,56799,155105,0.33616013446404336,0
2023-07-28 14:06:15,656.75,338211,2,657.99,56799,155057,0.3514401405760493,0
2023-07-28 14:06:15,656.75,338211,2,657.99,56783,155057,0.3514401405760493,0
2023-07-28 14:06:15,656.75,338211,2,657.99,56794,155057,0.3514401405760493,0
2023-07-28 14:06:15,656.75,338211,2,657.99,56795,155057,0.3514401405760493,0
2023-07-28 14:06:15,656.2,338211,1,657.99,56795,155057,0.26740010696004274,0
2023-07-28 14:06:29,656.2,338214,1,657.99,56760,155220,0.26740010696004274,0
2023-07-28 14:06:29,656.2,338214,1,657.99,56760,155220,0.26740010696004274,0
2023-07-28 14:06:29,656.2,338214,1,657.99,56760,155220,0.26740010696004274,0
2023-07-28 14:06:29,656.2,338214,10,657.99,56760,155220,0.26740010696004274,0
2023-07-28 14:06:29,656.7,338214,1,657.99,56760,155220,0.343800137520055,0
2023-07-28 14:06:44,656.7,338225,1,657.99,56740,155219,0.343800137520055,0
2023-07-28 14:06:44,656.7,338225,30,657.99,56740,155219,0.343800137520055,0
2023-07-28 14:06:45,656.7,338255,30,657.99,56740,155189,0.343800137520055,0
2023-07-28 14:06:45,657.0,338255,4,657.99,56740,155189,0.3896401558560554,0
2023-07-28 14:06:51,657.0,338465,4,657.99,56839,155033,0.3896401558560554,0
2023-07-28 14:06:51,657.0,338465,4,657.99,56904,155100,0.3896401558560554,0
2023-07-28 14:06:51,656.85,338465,10,657.99,56904,155100,0.3667201466880552,0
2023-07-28 14:06:59,656.85,338475,10,657.99,56951,155090,0.3667201466880552,0
2023-07-28 14:06:59,656.85,338475,10,657.99,56951,155090,0.3667201466880552,0
2023-07-28 14:06:59,656.85,338475,10,657.99,56949,155090,0.3667201466880552,0
2023-07-28 14:06:59,656.85,338475,10,657.99,56954,155090,0.3667201466880552,0
2023-07-28 14:06:59,656.65,338475,1,657.99,56954,155090,0.33616013446404336,0
2023-07-28 14:07:15,656.65,338476,1,657.99,57113,155157,0.33616013446404336,0
2023-07-28 14:07:15,656.85,338476,10,657.99,57113,155157,0.3667201466880552,0
2023-07-28 14:07:20,656.85,338486,10,657.99,57068,155241,0.3667201466880552,0
2023-07-28 14:07:20,656.25,338486,13,657.99,57068,155241,0.27504011001603706,0
2023-07-28 14:07:22,656.25,338500,13,657.99,57018,155200,0.27504011001603706,0
2023-07-28 14:07:22,656.25,338500,13,657.99,57063,155350,0.27504011001603706,0
2023-07-28 14:07:22,656.2,338500,12,657.99,57063,155350,0.26740010696004274,0
2023-07-28 14:07:26,656.2,338512,12,657.99,57051,155350,0.26740010696004274,0
2023-07-28 14:07:26,656.2,338512,12,657.99,56986,155350,0.26740010696004274,0
2023-07-28 14:07:26,656.2,338512,12,657.99,56995,155350,0.26740010696004274,0
2023-07-28 14:07:26,656.65,338512,8,657.99,56995,155350,0.33616013446404336,0
2023-07-28 14:07:33,656.65,338520,8,657.99,56995,155342,0.33616013446404336,0
2023-07-28 14:07:33,656.65,338520,8,657.99,56995,155362,0.33616013446404336,0
2023-07-28 14:07:33,656.65,338520,8,657.99,57005,155362,0.33616013446404336,0
2023-07-28 14:07:33,656.65,338520,8,657.99,57006,155370,0.33616013446404336,0
2023-07-28 14:07:33,656.65,338520,8,657.99,57006,155372,0.33616013446404336,0
2023-07-28 14:07:33,656.65,338520,8,657.99,57006,155327,0.33616013446404336,0
2023-07-28 14:07:33,656.15,338520,34,657.99,57006,155327,0.25976010390403115,0
2023-07-28 14:07:56,656.15,338652,34,657.99,56856,155382,0.25976010390403115,0
2023-07-28 14:07:56,656.15,338652,34,657.99,56826,155382,0.25976010390403115,0
2023-07-28 14:07:56,656.65,338652,17,657.99,56826,155382,0.33616013446404336,0
2023-07-28 14:08:01,656.65,338669,17,657.99,56843,155382,0.33616013446404336,0
2023-07-28 14:08:01,656.15,338669,12,657.99,56843,155382,0.25976010390403115,0
2023-07-28 14:08:06,656.15,338682,12,657.99,56830,155382,0.25976010390403115,0
2023-07-28 14:08:06,656.65,338682,1,657.99,56830,155382,0.33616013446404336,0
2023-07-28 14:08:12,656.65,338683,1,657.99,56831,155382,0.33616013446404336,0
2023-07-28 14:08:12,656.65,338683,1,657.99,56777,155382,0.33616013446404336,0
2023-07-28 14:08:12,656.65,338683,10,657.99,56777,155382,0.33616013446404336,0
2023-07-28 14:08:37,656.65,338693,10,657.99,56784,155379,0.33616013446404336,0
2023-07-28 14:08:37,656.7,338693,51,657.99,56784,155379,0.343800137520055,0
2023-07-28 14:08:39,656.7,338773,51,657.99,56898,154485,0.343800137520055,0
2023-07-28 14:08:39,656.3,338773,25,657.99,56898,154485,0.28268011307203134,0
2023-07-28 14:08:41,656.75,338798,4,657.99,56902,154611,0.3514401405760493,0
2023-07-28 14:08:43,656.75,338802,4,657.99,56902,154607,0.3514401405760493,0
2023-07-28 14:08:43,656.2,338802,15,657.99,56902,154607,0.26740010696004274,0
2023-07-28 14:08:46,656.2,338902,15,657.99,56843,154647,0.26740010696004274,0
2023-07-28 14:08:46,656.2,338902,15,657.99,56843,154647,0.26740010696004274,0
2023-07-28 14:08:46,656.2,338902,15,657.99,56873,154647,0.26740010696004274,0
2023-07-28 14:08:46,656.95,338902,6,657.99,56873,154647,0.3820001528000611,0
2023-07-28 14:08:46,656.3,338902,11,657.99,56873,154647,0.28268011307203134,0
2023-07-28 14:08:57,656.3,338996,11,657.99,57054,153428,0.28268011307203134,0
2023-07-28 14:08:57,656.85,338996,23,657.99,57054,153428,0.3667201466880552,0
2023-07-28 14:09:01,656.85,339057,7,657.98,57065,153383,0.3667201466880552,0
2023-07-28 14:09:01,656.85,339057,7,657.98,57080,153383,0.3667201466880552,0
2023-07-28 14:09:01,656.85,339057,7,657.98,57058,153383,0.3667201466880552,0
2023-07-28 14:09:01,656.85,339057,2,657.98,57058,153383,0.3667201466880552,0
2023-07-28 14:09:07,656.95,339059,12,657.98,57056,153381,0.3820001528000611,0
2023-07-28 14:09:09,656.95,339108,12,657.98,57108,153303,0.3820001528000611,0
2023-07-28 14:09:09,656.95,339108,12,657.98,57108,153416,0.3820001528000611,0
2023-07-28 14:09:09,656.95,339108,12,657.98,57116,153416,0.3820001528000611,0
2023-07-28 14:09:09,656.95,339108,12,657.98,57118,153456,0.3820001528000611,0
2023-07-28 14:09:09,656.95,339108,12,657.98,57118,153514,0.3820001528000611,0
2023-07-28 14:09:09,656.95,339108,12,657.98,57118,153538,0.3820001528000611,0
2023-07-28 14:09:09,656.95,339108,12,657.98,57118,153558,0.3820001528000611,0
2023-07-28 14:09:09,656.95,339108,12,657.98,57068,153558,0.3820001528000611,0
2023-07-28 14:09:39,656.9,339110,2,657.98,56967,153759,0.37436014974404946,0
2023-07-28 14:09:39,656.9,339110,2,657.98,56961,153759,0.37436014974404946,0
2023-07-28 14:09:39,656.25,339110,2,657.98,56961,153759,0.27504011001603706,0
2023-07-28 14:09:43,656.85,339136,24,657.98,56974,153735,0.3667201466880552,0
2023-07-28 14:09:43,656.85,339136,5,657.98,56974,153735,0.3667201466880552,0
2023-07-28 14:09:45,656.85,339141,5,657.98,56975,153720,0.3667201466880552,0
2023-07-28 14:09:45,656.2,339141,30,657.98,56975,153720,0.26740010696004274,0
2023-07-28 14:09:51,656.2,339291,30,657.98,56807,153819,0.26740010696004274,0
2023-07-28 14:09:51,656.2,339291,8,657.98,56807,153819,0.26740010696004274,0
2023-07-28 14:09:51,656.2,339299,8,657.98,56799,153819,0.26740010696004274,0
2023-07-28 14:09:51,656.75,339299,1,657.98,56799,153819,0.3514401405760493,0
2023-07-28 14:09:54,656.75,339300,1,657.98,56800,153849,0.3514401405760493,0
2023-07-28 14:09:54,656.75,339300,1,657.98,56810,153849,0.3514401405760493,0
2023-07-28 14:09:54,656.75,339300,1,657.98,56812,153849,0.3514401405760493,0
2023-07-28 14:09:54,656.75,339300,1,657.98,56812,153849,0.3514401405760493,0
2023-07-28 14:09:54,656.75,339300,1,657.98,56822,153849,0.3514401405760493,0
2023-07-28 14:09:54,656.85,339300,2,657.98,56822,153849,0.3667201466880552,0
2023-07-28 14:09:54,656.75,339300,6,657.98,56822,153849,0.3514401405760493,0
2023-07-28 14:10:34,656.75,339604,6,657.98,57027,153716,0.3514401405760493,0
2023-07-28 14:10:34,656.75,339604,1,657.98,57027,153716,0.3514401405760493,0
2023-07-28 14:10:37,656.75,339605,1,657.98,57066,153715,0.3514401405760493,0
2023-07-28 14:10:37,656.75,339605,2,657.98,57066,153715,0.3514401405760493,0
2023-07-28 14:10:44,656.75,339613,2,657.98,57066,153598,0.3514401405760493,0
2023-07-28 14:10:48,656.75,339648,35,657.98,57157,153680,0.3514401405760493,0
2023-07-28 14:10:48,657.0,339648,93,657.98,57157,153680,0.3896401558560554,0
2023-07-28 14:10:49,657.0,339801,93,657.98,57228,153475,0.3896401558560554,0
2023-07-28 14:10:49,656.4,339801,18,657.98,57228,153475,0.29796011918403725,0
2023-07-28 14:10:54,656.4,339851,18,657.98,57227,153616,0.29796011918403725,0
2023-07-28 14:10:54,656.4,339851,18,657.98,57227,153616,0.29796011918403725,0
2023-07-28 14:10:54,656.9,339851,7,657.98,57227,153616,0.37436014974404946,0
2023-07-28 14:11:07,656.9,339858,7,657.98,57247,153609,0.37436014974404946,0
2023-07-28 14:11:07,656.9,339858,1,657.98,57247,153609,0.37436014974404946,0
2023-07-28 14:11:09,656.9,339859,1,657.98,57247,153628,0.37436014974404946,0
2023-07-28 14:11:09,656.9,339859,1,657.98,57212,153588,0.37436014974404946,0
2023-07-28 14:11:09,656.9,339859,1,657.98,57212,153588,0.37436014974404946,0
2023-07-28 14:11:09,656.9,339859,1,657.98,57217,153523,0.37436014974404946,0
2023-07-28 14:11:09,656.45,339859,10,657.98,57217,153523,0.3056001222400489,0
2023-07-28 14:11:32,656.45,339869,10,657.98,57046,153688,0.3056001222400489,0
2023-07-28 14:11:32,656.45,339869,10,657.98,56993,153624,0.3056001222400489,0
2023-07-28 14:11:32,656.45,339869,10,657.98,57003,153674,0.3056001222400489,0
2023-07-28 14:11:32,656.45,339869,10,657.98,57003,153743,0.3056001222400489,0
2023-07-28 14:11:32,656.8,339869,1,657.98,57003,153743,0.35908014363204355,0
2023-07-28 14:11:42,656.8,339870,1,657.98,57008,153759,0.35908014363204355,0
2023-07-28 14:11:42,656.9,339870,35,657.98,57008,153759,0.37436014974404946,0
2023-07-28 14:11:42,657.0,339870,1,657.98,57008,153759,0.3896401558560554,0
2023-07-28 14:11:47,657.0,339978,1,657.98,57251,153285,0.3896401558560554,0
2023-07-28 14:11:47,657.0,339978,1,657.98,56951,153285,0.3896401558560554,0
2023-07-28 14:11:47,657.0,339978,1,657.98,56951,153195,0.3896401558560554,0
2023-07-28 14:11:47,656.5,339978,4,657.98,56951,153195,0.31324012529604317,0
2023-07-28 14:11:59,656.5,339982,4,657.98,56979,153245,0.31324012529604317,0
2023-07-28 14:11:59,656.5,339982,4,657.98,57229,153354,0.31324012529604317,0
2023-07-28 14:12:05,656.8,340452,300,657.98,56933,153300,0.35908014363204355,0
2023-07-28 14:12:05,656.8,340452,300,657.98,57083,153300,0.35908014363204355,0
2023-07-28 14:12:05,656.8,340452,300,657.98,57085,153300,0.35908014363204355,0
2023-07-28 14:12:15,657.0,340461,6,657.98,57071,153291,0.3896401558560554,0
2023-07-28 14:12:15,657.0,340461,6,657.98,57171,153291,0.3896401558560554,0
2023-07-28 14:12:15,657.0,340461,36,657.98,57171,153291,0.3896401558560554,0
2023-07-28 14:12:29,657.0,340511,36,657.98,57171,153261,0.3896401558560554,0
2023-07-28 14:12:37,656.55,340526,13,657.98,57193,153329,0.32088012835203744,0
2023-07-28 14:12:37,657.0,340526,5,657.98,57193,153329,0.3896401558560554,0
2023-07-28 14:12:41,657.0,340531,5,657.98,57193,153324,0.3896401558560554,0
2023-07-28 14:12:41,657.0,340531,5,657.98,57194,153324,0.3896401558560554,0
2023-07-28 14:12:41,657.0,340531,5,657.98,57194,153329,0.3896401558560554,0
2023-07-28 14:12:41,657.0,340531,5,657.98,57194,153359,0.3896401558560554,0
2023-07-28 14:12:41,657.0,340531,5,657.98,57191,153313,0.3896401558560554,0
2023-07-28 14:12:41,657.0,340531,5,657.98,57191,153308,0.3896401558560554,0
2023-07-28 14:12:41,657.0,340531,7,657.98,57191,153308,0.3896401558560554,0
2023-07-28 14:12:41,656.55,340531,4,657.98,57191,153308,0.32088012835203744,0
2023-07-28 14:13:07,656.8,340557,1,657.98,56832,153419,0.35908014363204355,0
2023-07-28 14:13:07,656.8,340557,1,657.98,56832,153394,0.35908014363204355,0
2023-07-28 14:13:07,656.9,340557,20,657.98,56832,153394,0.37436014974404946,0
2023-07-28 14:13:11,656.9,340577,20,657.98,56890,153374,0.37436014974404946,0
2023-07-28 14:13:11,656.25,340577,17,657.98,56890,153374,0.27504011001603706,0
2023-07-28 14:13:13,656.25,340736,17,657.98,56467,153784,0.27504011001603706,0
2023-07-28 14:13:13,656.65,340736,15,657.98,56467,153784,0.33616013446404336,0
2023-07-28 14:13:16,656.65,340796,15,657.98,56652,153600,0.33616013446404336,0
2023-07-28 14:13:16,656.65,340796,15,657.98,56652,153686,0.33616013446404336,0
2023-07-28 14:13:16,656.65,340796,15,657.98,56682,153686,0.33616013446404336,0
2023-07-28 14:13:16,656.0,340796,22,657.98,56682,153686,0.23684009473603093,0
2023-07-28 14:13:27,656.0,341096,22,657.98,56528,154023,0.23684009473603093,0
2023-07-28 14:13:27,656.0,341096,22,657.98,56518,154038,0.23684009473603093,0
2023-07-28 14:13:27,656.5,341096,10,657.98,56518,154038,0.31324012529604317,0
2023-07-28 14:13:32,656.5,341106,10,657.98,56468,153974,0.31324012529604317,0
2023-07-28 14:13:32,656.5,341106,10,657.98,56468,153976,0.31324012529604317,0
2023-07-28 14:13:39,656.5,341107,1,657.98,56541,154075,0.31324012529604317,0
2023-07-28 14:13:39,656.0,341107,11,657.98,56541,154075,0.23684009473603093,0
2023-07-28 14:13:39,656.0,341141,11,657.98,56458,154075,0.23684009473603093,0
2023-07-28 14:13:39,656.0,341141,11,657.98,56532,154060,0.23684009473603093,0
2023-07-28 14:13:39,656.0,341141,11,657.98,56532,154380,0.23684009473603093,0
2023-07-28 14:13:39,656.0,341141,11,657.98,56532,154415,0.23684009473603093,0
2023-07-28 14:13:39,656.0,341141,11,657.98,56542,154401,0.23684009473603093,0
2023-07-28 14:13:39,656.0,341141,11,657.98,56542,154551,0.23684009473603093,0
2023-07-28 14:13:39,656.0,341141,11,657.98,56542,154572,0.23684009473603093,0
2023-07-28 14:13:39,656.0,341141,11,657.98,56572,154607,0.23684009473603093,0
2023-07-28 14:13:39,656.5,341141,10,657.98,56572,154607,0.31324012529604317,0
2023-07-28 14:14:11,656.5,341156,10,657.98,56611,154422,0.31324012529604317,0
2023-07-28 14:14:11,656.5,341156,10,657.98,56611,154347,0.31324012529604317,0
2023-07-28 14:14:11,656.5,341156,10,657.98,56710,154347,0.31324012529604317,0
2023-07-28 14:14:11,656.5,341156,65,657.98,56710,154347,0.31324012529604317,0
2023-07-28 14:14:31,656.5,341246,65,657.98,56741,153987,0.31324012529604317,0
2023-07-28 14:14:31,656.5,341246,65,657.98,56691,153987,0.31324012529604317,0
2023-07-28 14:14:31,656.5,341246,65,657.98,56791,153987,0.31324012529604317,0
2023-07-28 14:14:31,656.05,341246,26,657.98,56791,153987,0.2444800977920252,0
2023-07-28 14:14:41,656.05,341446,26,657.98,56715,154060,0.2444800977920252,0
2023-07-28 14:14:45,656.25,341474,10,657.98,56790,154060,0.27504011001603706,0
2023-07-28 14:14:45,656.25,341474,10,657.98,56756,154060,0.27504011001603706,0
2023-07-28 14:14:45,656.25,341474,10,657.98,56924,154060,0.27504011001603706,0
2023-07-28 14:14:45,656.25,341474,10,657.98,56968,153990,0.27504011001603706,0
2023-07-28 14:14:45,656.25,341474,10,657.98,57018,153990,0.27504011001603706,0
2023-07-28 14:15:08,656.8,341477,3,657.98,57020,153914,0.35908014363204355,0
2023-07-28 14:15:13,656.8,341479,1,657.98,57018,153912,0.35908014363204355,0
2023-07-28 14:15:13,656.8,341479,12,657.98,57018,153912,0.35908014363204355,0
2023-07-28 14:15:14,656.8,341491,12,657.97,57018,153900,0.35908014363204355,0
2023-07-28 14:15:21,656.35,341504,13,657.97,57005,153901,0.290320116128043,0
2023-07-28 14:15:21,656.8,341504,11,657.97,57005,153901,0.35908014363204355,0
2023-07-28 14:15:22,656.8,341515,11,657.97,57005,153889,0.35908014363204355,0
2023-07-28 14:15:22,657.0,341515,30,657.97,57005,153889,0.3896401558560554,0
2023-07-28 14:15:33,657.0,341616,30,657.97,57112,153997,0.3896401558560554,0
2023-07-28 14:15:33,657.0,341616,30,657.97,57167,153957,0.3896401558560554,0
2023-07-28 14:15:33,657.0,341616,30,657.97,57212,153957,0.3896401558560554,0
2023-07-28 14:15:33,657.0,341616,30,657.97,56862,153877,0.3896401558560554,0
2023-07-28 14:15:33,657.0,341616,30,657.97,56627,154271,0.3896401558560554,0
2023-07-28 14:15:33,657.0,341616,30,657.97,56739,154169,0.3896401558560554,0
2023-07-28 14:15:33,656.9,341616,15,657.97,56739,154169,0.37436014974404946,0
2023-07-28 14:15:48,656.9,341631,15,657.97,56794,154020,0.37436014974404946,0
2023-07-28 14:15:48,656.9,341631,15,657.97,56794,154004,0.37436014974404946,0
2023-07-28 14:15:48,656.9,341631,15,657.97,56794,154061,0.37436014974404946,0
2023-07-28 14:15:48,656.9,341631,15,657.97,56794,154066,0.37436014974404946,0
2023-07-28 14:15:48,656.9,341631,50,657.97,56794,154066,0.37436014974404946,0
2023-07-28 14:15:59,656.9,341681,50,657.97,56794,154011,0.37436014974404946,0
2023-07-28 14:15:59,656.9,341681,50,657.97,56794,154006,0.37436014974404946,0
2023-07-28 14:15:59,656.9,341681,50,657.97,56844,154006,0.37436014974404946,0
2023-07-28 14:15:59,656.9,341681,21,657.97,56844,154006,0.37436014974404946,0
2023-07-28 14:16:10,656.9,341731,21,657.97,56844,153376,0.37436014974404946,0
2023-07-28 14:16:10,656.9,341731,21,657.97,56844,153736,0.37436014974404946,0
2023-07-28 14:16:10,656.9,341731,21,657.97,56659,153834,0.37436014974404946,0
2023-07-28 14:16:10,656.8,341731,8,657.97,56659,153834,0.35908014363204355,0
2023-07-28 14:16:18,656.8,341750,8,657.97,56659,153822,0.35908014363204355,0
2023-07-28 14:16:18,656.8,341750,8,657.97,56659,153791,0.35908014363204355,0
2023-07-28 14:16:18,656.8,341750,8,657.97,56660,153822,0.35908014363204355,0
2023-07-28 14:16:18,656.25,341750,19,657.97,56660,153822,0.27504011001603706,0
2023-07-28 14:16:27,656.25,341850,19,657.97,56597,154016,0.27504011001603706,0
2023-07-28 14:16:27,656.25,341850,19,657.97,56597,154016,0.27504011001603706,0
2023-07-28 14:16:27,656.7,341850,10,657.97,56597,154016,0.343800137520055,0
2023-07-28 14:16:31,656.7,341860,10,657.97,56597,154006,0.343800137520055,0
2023-07-28 14:16:31,656.7,341860,10,657.97,56597,154086,0.343800137520055,0
2023-07-28 14:16:31,656.7,341860,1,657.97,56597,154086,0.343800137520055,0
2023-07-28 14:16:36,656.7,341861,1,657.97,56597,154085,0.343800137520055,0
2023-07-28 14:16:36,656.7,341861,1,657.97,56597,154051,0.343800137520055,0
2023-07-28 14:16:36,656.7,341861,1,657.97,56605,154051,0.343800137520055,0
2023-07-28 14:16:36,656.7,341861,3,657.97,56605,154051,0.343800137520055,0
2023-07-28 14:16:43,656.7,341864,3,657.97,56605,154082,0.343800137520055,0
2023-07-28 14:16:43,656.7,341864,3,657.97,56500,154082,0.343800137520055,0
2023-07-28 14:16:43,656.7,341864,8,657.97,56500,154082,0.343800137520055,0
2023-07-28 14:16:51,656.7,341872,8,657.97,56621,153973,0.343800137520055,0
2023-07-28 14:16:51,656.7,341872,8,657.97,56675,153918,0.343800137520055,0
2023-07-28 14:16:51,656.7,341872,8,657.97,56675,153918,0.343800137520055,0
2023-07-28 14:16:51,656.7,341872,8,657.97,56645,156168,0.343800137520055,0
2023-07-28 14:16:51,656.7,341872,1,657.97,56645,156168,0.343800137520055,0
2023-07-28 14:17:08,656.7,341873,1,657.97,56645,156167,0.343800137520055,0
2023-07-28 14:17:08,656.7,341873,1,657.97,56645,156167,0.343800137520055,0
2023-07-28 14:17:15,656.0,342479,141,657.97,56108,156376,0.23684009473603093,0
2023-07-28 14:17:17,656.05,342579,13,657.97,55977,156133,0.2444800977920252,0
2023-07-28 14:17:17,656.05,342579,13,657.97,55902,156222,0.2444800977920252,0
2023-07-28 14:17:24,656.6,342589,10,657.97,55912,156222,0.3285201314080491,0
2023-07-28 14:17:24,656.6,342589,10,657.97,55912,156522,0.3285201314080491,0
2023-07-28 14:17:24,656.55,342589,2,657.97,55912,156522,0.32088012835203744,0
2023-07-28 14:17:29,656.55,342591,3,657.97,55916,156512,0.32088012835203744,0
2023-07-28 14:17:29,656.7,342591,10,657.97,55916,156512,0.343800137520055,0
2023-07-28 14:17:32,656.7,343604,10,657.97,56572,155550,0.343800137520055,0
2023-07-28 14:17:32,656.7,343604,10,657.97,56627,155512,0.343800137520055,0
2023-07-28 14:17:32,656.7,343604,10,657.97,56627,155604,0.343800137520055,0
2023-07-28 14:17:32,656.7,343604,10,657.97,56650,155665,0.343800137520055,0
2023-07-28 14:17:32,656.7,343604,10,657.97,56456,155638,0.343800137520055,0
2023-07-28 14:17:32,656.7,343604,10,657.97,56707,155375,0.343800137520055,0
2023-07-28 14:17:32,656.7,343604,10,657.97,56782,155375,0.343800137520055,0
2023-07-28 14:17:32,657.0,343604,2,657.97,56782,155375,0.3896401558560554,0
2023-07-28 14:17:54,657.0,343606,2,657.97,56712,155373,0.3896401558560554,0
2023-07-28 14:17:54,657.0,343606,3,657.97,56712,155373,0.3896401558560554,0
2023-07-28 14:17:58,657.0,343609,3,657.97,56681,155340,0.3896401558560554,0
2023-07-28 14:17:58,657.0,343609,2,657.97,56681,155340,0.3896401558560554,0
2023-07-28 14:18:01,657.0,343611,2,657.97,56712,155338,0.3896401558560554,0
2023-07-28 14:18:01,657.0,343611,2,657.97,56767,155338,0.3896401558560554,0
2023-07-28 14:18:01,657.0,343611,16,657.97,56767,155338,0.3896401558560554,0
2023-07-28 14:18:10,657.0,343628,16,657.97,56767,155253,0.3896401558560554,0
2023-07-28 14:18:14,657.0,343630,2,657.97,56932,155389,0.3896401558560554,0
2023-07-28 14:18:16,656.55,343637,7,657.97,56806,155325,0.32088012835203744,0
2023-07-28 14:18:16,656.55,343637,7,657.97,56806,155320,0.32088012835203744,0
2023-07-28 14:18:16,656.55,343637,7,657.97,56806,155330,0.32088012835203744,0
2023-07-28 14:18:16,656.45,343637,2,657.97,56806,155330,0.3056001222400489,0
2023-07-28 14:18:25,656.45,343737,2,657.97,56495,155496,0.3056001222400489,0
2023-07-28 14:18:25,656.95,343737,9,657.97,56495,155496,0.3820001528000611,0
2023-07-28 14:18:28,656.95,343767,9,657.97,56495,155463,0.3820001528000611,0
2023-07-28 14:18:28,656.95,343767,2,657.97,56495,155463,0.3820001528000611,0
2023-07-28 14:18:34,656.95,343769,2,657.97,56499,155461,0.3820001528000611,0
2023-07-28 14:18:34,656.95,343769,2,657.97,56499,155536,0.3820001528000611,0
2023-07-28 14:18:34,656.95,343769,2,657.97,56521,155525,0.3820001528000611,0
2023-07-28 14:18:34,656.95,343769,50,657.97,56521,155525,0.3820001528000611,0
2023-07-28 14:18:40,656.95,343819,50,657.97,56511,155464,0.3820001528000611,0
2023-07-28 14:18:40,656.95,343819,50,657.97,56511,155464,0.3820001528000611,0
2023-07-28 14:18:40,656.95,343819,50,657.97,56563,155464,0.3820001528000611,0
2023-07-28 14:18:40,656.95,343819,50,657.97,56667,155464,0.3820001528000611,0
2023-07-28 14:18:40,656.95,343819,13,657.97,56667,155464,0.3820001528000611,0
2023-07-28 14:18:50,656.95,343832,13,657.97,56667,155451,0.3820001528000611,0
2023-07-28 14:18:50,656.95,343832,13,657.97,56703,155520,0.3820001528000611,0
2023-07-28 14:18:57,656.5,343882,50,657.96,56648,155594,0.31324012529604317,0
2023-07-28 14:18:57,656.5,343882,50,657.96,56491,155903,0.31324012529604317,0
2023-07-28 14:18:57,656.65,343882,5,657.96,56491,155903,0.33616013446404336,0
2023-07-28 14:19:01,656.9,343892,20,657.96,56646,155851,0.37436014974404946,0
2023-07-28 14:19:01,656.5,343892,1,657.96,56646,155851,0.31324012529604317,0
2023-07-28 14:19:04,656.5,343913,1,657.96,56640,155806,0.31324012529604317,0
2023-07-28 14:19:04,656.5,343913,7,657.96,56640,155806,0.31324012529604317,0
2023-07-28 14:19:14,656.5,343927,7,657.96,56633,155813,0.31324012529604317,0
2023-07-28 14:19:14,656.5,343927,7,657.96,56633,155813,0.31324012529604317,0
2023-07-28 14:19:14,656.9,343927,6,657.96,56633,155813,0.37436014974404946,0
2023-07-28 14:19:23,656.9,343933,6,657.96,56490,155911,0.37436014974404946,0
2023-07-28 14:19:23,656.45,343933,1,657.96,56490,155911,0.3056001222400489,0
2023-07-28 14:19:32,656.45,343934,1,657.96,56433,156045,0.3056001222400489,0
2023-07-28 14:19:32,656.45,343934,1,657.96,56238,155941,0.3056001222400489,0
2023-07-28 14:19:32,656.45,343934,1,657.96,56235,155941,0.3056001222400489,0
2023-07-28 14:19:32,656.45,343934,1,657.96,56416,155941,0.3056001222400489,0
2023-07-28 14:19:32,656.9,343934,14,657.96,56416,155941,0.37436014974404946,0
2023-07-28 14:19:42,656.9,343949,14,657.96,56416,156064,0.37436014974404946,0
2023-07-28 14:19:46,656.9,343974,25,657.96,56363,155913,0.37436014974404946,0
2023-07-28 14:19:46,656.9,343974,25,657.96,56448,156033,0.37436014974404946,0
2023-07-28 14:19:46,656.9,343974,25,657.96,56448,155913,0.37436014974404946,0
2023-07-28 14:19:46,656.9,343974,25,657.96,56523,155933,0.37436014974404946,0
2023-07-28 14:19:46,656.45,343974,8,657.96,56523,155933,0.3056001222400489,0
2023-07-28 14:19:59,656.45,343984,8,657.96,56440,156100,0.3056001222400489,0
2023-07-28 14:19:59,656.15,343984,65,657.96,56440,156100,0.25976010390403115,0
2023-07-28 14:20:04,656.15,344134,65,657.96,56282,156066,0.25976010390403115,0
2023-07-28 14:20:04,656.15,344134,65,657.96,57802,156067,0.25976010390403115,0
2023-07-28 14:20:04,656.85,344134,1,657.96,57802,156067,0.3667201466880552,0
2023-07-28 14:20:04,656.85,344134,7,657.96,57802,156067,0.3667201466880552,0
2023-07-28 14:20:24,656.85,344173,7,657.96,57897,156017,0.3667201466880552,0
2023-07-28 14:20:24,656.85,344173,1,657.96,57897,156017,0.3667201466880552,0
2023-07-28 14:20:26,656.85,344174,1,657.96,57897,156016,0.3667201466880552,0
2023-07-28 14:20:26,656.85,344174,1,657.96,57896,156016,0.3667201466880552,0
2023-07-28 14:20:26,656.85,344174,1,657.96,57902,156016,0.3667201466880552,0
2023-07-28 14:20:26,656.85,344174,7,657.96,57902,156016,0.3667201466880552,0
2023-07-28 14:20:42,656.85,344267,7,657.96,58387,155806,0.3667201466880552,0
2023-07-28 14:20:42,656.95,344267,10,657.96,58387,155806,0.3820001528000611,0
2023-07-28 14:20:46,656.95,344277,10,657.96,58387,155796,0.3820001528000611,0
2023-07-28 14:20:46,656.95,344277,10,657.96,58397,155780,0.3820001528000611,0
2023-07-28 14:20:46,656.45,344277,1,657.96,58397,155780,0.3056001222400489,0
2023-07-28 14:20:52,656.45,344278,1,657.96,58396,155769,0.3056001222400489,0
2023-07-28 14:20:56,656.95,344282,4,657.96,58396,155647,0.3820001528000611,0
2023-07-28 14:20:56,656.95,344282,5,657.96,58396,155647,0.3820001528000611,0
2023-07-28 14:20:57,656.95,344287,5,657.96,58397,155642,0.3820001528000611,0
2023-07-28 14:20:57,656.95,344287,5,657.96,58364,154785,0.3820001528000611,0
2023-07-28 14:20:57,656.45,344287,1,657.96,58364,154785,0.3056001222400489,0
2023-07-28 14:21:05,656.45,344288,1,657.96,58363,154785,0.3056001222400489,0
2023-07-28 14:21:05,656.3,344288,1,657.96,58363,154785,0.28268011307203134,0
2023-07-28 14:21:11,656.3,344390,1,657.96,58199,154905,0.28268011307203134,0
2023-07-28 14:21:11,656.15,344390,39,657.96,58199,154905,0.25976010390403115,0
2023-07-28 14:21:14,656.15,344547,39,657.96,57906,155181,0.25976010390403115,0
2023-07-28 14:21:14,656.15,344547,39,657.96,57749,155090,0.25976010390403115,0
2023-07-28 14:21:14,656.15,344547,39,657.96,57711,155172,0.25976010390403115,0
2023-07-28 14:21:14,656.7,344547,2,657.96,57711,155172,0.343800137520055,0
2023-07-28 14:21:22,656.7,344549,2,657.96,57799,155101,0.343800137520055,0
2023-07-28 14:21:22,656.7,344549,15,657.96,57799,155101,0.343800137520055,0
2023-07-28 14:21:24,656.7,344564,15,657.96,57916,155020,0.343800137520055,0
2023-07-28 14:21:28,656.75,344567,3,657.96,57916,155017,0.3514401405760493,0
2023-07-28 14:21:28,656.75,344567,1,657.96,57916,155017,0.3514401405760493,0
2023-07-28 14:21:28,656.75,344568,1,657.96,57916,155016,0.3514401405760493,0
2023-07-28 14:21:33,656.9,344781,84,657.96,58070,154858,0.37436014974404946,0
2023-07-28 14:21:33,656.9,344781,84,657.96,58156,154858,0.37436014974404946,0
2023-07-28 14:21:33,656.9,344781,84,657.96,58226,154858,0.37436014974404946,0
2023-07-28 14:21:33,656.4,344781,2,657.96,58226,154858,0.29796011918403725,0
2023-07-28 14:21:33,656.8,344781,2,657.96,58226,154858,0.35908014363204355,0
2023-07-28 14:21:43,656.8,344785,2,657.96,58306,154911,0.35908014363204355,0
2023-07-28 14:21:43,656.8,344785,2,657.96,58400,154790,0.35908014363204355,0
2023-07-28 14:21:43,656.8,344785,2,657.96,58511,154789,0.35908014363204355,0
2023-07-28 14:21:43,656.8,344785,2,657.96,58411,154789,0.35908014363204355,0
2023-07-28 14:21:43,656.8,344785,2,657.96,58461,154789,0.35908014363204355,0
2023-07-28 14:21:43,656.9,344785,17,657.96,58461,154789,0.37436014974404946,0
2023-07-28 14:22:11,656.9,344805,17,657.96,58461,154769,0.37436014974404946,0
2023-07-28 14:22:11,656.9,344805,17,657.96,58462,154769,0.37436014974404946,0
2023-07-28 14:22:11,656.5,344805,2,657.96,58462,154769,0.31324012529604317,0
2023-07-28 14:22:16,656.5,344807,2,657.96,58460,154870,0.31324012529604317,0
2023-07-28 14:22:16,656.5,344807,2,657.96,59637,154726,0.31324012529604317,0
2023-07-28 14:22:27,656.5,344818,3,657.96,59326,154861,0.31324012529604317,0
2023-07-28 14:22:27,656.5,344818,3,657.96,59326,154812,0.31324012529604317,0
2023-07-28 14:22:27,656.95,344818,16,657.96,59326,154832,0.3820001528000611,0
2023-07-28 14:22:27,656.9,344818,261,657.96,59326,154832,0.37436014974404946,0
2023-07-28 14:22:33,656.9,345134,261,657.96,59354,154725,0.37436014974404946,0
2023-07-28 14:22:33,656.9,345134,261,657.96,60207,154725,0.37436014974404946,0
2023-07-28 14:22:33,656.9,345134,261,657.96,60007,154725,0.37436014974404946,0
2023-07-28 14:22:33,656.55,345134,5,657.96,60007,154725,0.32088012835203744,0
2023-07-28 14:22:41,656.55,345139,5,657.96,60007,154725,0.32088012835203744,0
2023-07-28 14:22:41,656.7,345139,125,657.96,60007,154725,0.343800137520055,0
2023-07-28 14:22:45,656.7,345264,125,657.96,60208,154663,0.343800137520055,0
2023-07-28 14:22:45,656.7,345264,125,657.96,60208,154663,0.343800137520055,0
2023-07-28 14:22:45,656.7,345264,125,657.96,60014,154768,0.343800137520055,0
2023-07-28 14:22:45,656.7,345264,125,657.96,60014,154866,0.343800137520055,0
2023-07-28 14:22:45,656.7,345264,125,657.96,59799,154866,0.343800137520055,0
2023-07-28 14:22:45,656.7,345264,125,657.96,59820,154866,0.343800137520055,0
2023-07-28 14:22:45,657.0,345264,2,657.96,59842,154866,0.3896401558560554,0
2023-07-28 14:23:08,657.0,345266,2,657.96,59843,154705,0.3896401558560554,0
2023-07-28 14:23:08,657.0,345266,7,657.96,59847,154705,0.3896401558560554,0
2023-07-28 14:23:13,657.0,345316,7,657.96,59906,154655,0.3896401558560554,0
2023-07-28 14:23:13,657.0,345316,7,657.96,59906,154654,0.3896401558560554,0
2023-07-28 14:23:13,657.0,345316,7,657.96,59945,154704,0.3896401558560554,0
2023-07-28 14:23:13,656.6,345316,10,657.96,59945,154704,0.3285201314080491,0
2023-07-28 14:23:24,656.6,345348,10,657.96,59929,154704,0.3285201314080491,0
2023-07-28 14:23:24,656.6,345348,10,657.96,59930,154704,0.3285201314080491,0
2023-07-28 14:23:24,656.6,345348,10,657.96,60025,154704,0.3285201314080491,0
2023-07-28 14:23:24,656.6,345348,10,657.96,60120,154674,0.3285201314080491,0
2023-07-28 14:23:24,656.7,345348,25,657.96,60120,154674,0.343800137520055,0
2023-07-28 14:23:24,656.7,345348,3,657.96,60120,154674,0.343800137520055,0
2023-07-28 14:23:51,656.7,345378,3,657.96,60051,154674,0.343800137520055,0
2023-07-28 14:23:51,656.7,345378,3,657.96,60052,154674,0.343800137520055,0
2023-07-28 14:23:51,656.7,345378,3,657.96,60053,154674,0.343800137520055,0
2023-07-28 14:23:51,656.7,345378,3,657.96,60053,154674,0.343800137520055,0
2023-07-28 14:23:51,657.5,345378,15,657.96,60053,154670,0.4660401864160676,0
2023-07-28 14:23:51,657.5,345378,1,657.96,60053,154670,0.4660401864160676,0
2023-07-28 14:24:14,657.45,348278,10,657.95,59353,152056,0.4584001833600733,0
2023-07-28 14:24:16,657.0,348300,12,657.95,59147,152213,0.3896401558560554,0
2023-07-28 14:24:16,656.9,348300,38,657.95,59147,152213,0.37436014974404946,0
2023-07-28 14:24:16,657.35,348300,4,657.95,59147,152213,0.4431201772480674,0
2023-07-28 14:24:18,657.35,348474,4,657.95,59002,152549,0.4431201772480674,0
2023-07-28 14:24:18,656.75,348474,5,657.95,59002,152549,0.3514401405760493,0
2023-07-28 14:24:20,656.75,348479,5,657.95,59002,152549,0.3514401405760493,0
2023-07-28 14:24:20,656.75,348479,5,657.95,59002,152889,0.3514401405760493,0
2023-07-28 14:24:20,657.0,348479,22,657.95,59002,152889,0.3896401558560554,0
2023-07-28 14:24:26,657.0,348504,22,657.95,59278,152789,0.3896401558560554,0
2023-07-28 14:24:26,657.0,348504,22,657.95,59278,152798,0.3896401558560554,0
2023-07-28 14:24:26,657.0,348504,22,657.95,59298,152798,0.3896401558560554,0
2023-07-28 14:24:26,657.0,348504,22,657.95,59298,152808,0.3896401558560554,0
2023-07-28 14:24:26,657.0,348504,22,657.95,59163,152769,0.3896401558560554,0
2023-07-28 14:24:26,657.0,348504,22,657.95,59163,152784,0.3896401558560554,0
2023-07-28 14:24:26,657.0,348504,22,657.95,59163,152746,0.3896401558560554,0
2023-07-28 14:24:26,657.45,348504,4,657.95,59163,152746,0.4584001833600733,0
2023-07-28 14:24:43,657.45,348524,4,657.95,59578,152791,0.4584001833600733,0
2023-07-28 14:24:43,657.45,348524,4,657.95,59578,152901,0.4584001833600733,0
2023-07-28 14:24:43,657.45,348524,4,657.95,59728,152852,0.4584001833600733,0
2023-07-28 14:24:52,657.5,348529,1,657.95,59728,152847,0.4660401864160676,0
2023-07-28 14:24:57,657.1,348531,2,657.95,59726,152847,0.4049201619680613,0
2023-07-28 14:24:57,657.5,348531,20,657.95,60726,152847,0.4660401864160676,0
2023-07-28 14:25:00,657.5,348551,20,657.95,60726,152717,0.4660401864160676,0
2023-07-28 14:25:00,657.05,348551,15,657.95,60726,152717,0.39728015891204965,0
2023-07-28 14:25:08,657.05,348566,15,657.95,60592,152717,0.39728015891204965,0
2023-07-28 14:25:08,657.45,348566,7,657.95,60592,152717,0.4584001833600733,0
2023-07-28 14:25:11,657.45,348573,7,657.95,60592,152760,0.4584001833600733,0
2023-07-28 14:25:11,657.05,348573,2,657.95,60592,152765,0.39728015891204965,0
2023-07-28 14:25:14,657.05,348575,2,657.95,60590,152827,0.39728015891204965,0
2023-07-28 14:25:14,657.45,348575,15,657.95,60590,152827,0.4584001833600733,0
2023-07-28 14:25:16,657.45,348590,15,657.95,60440,152811,0.4584001833600733,0
2023-07-28 14:25:16,657.45,348590,15,657.95,60490,152811,0.4584001833600733,0
2023-07-28 14:25:16,657.45,348590,15,657.95,60672,152805,0.4584001833600733,0
2023-07-28 14:25:16,657.5,348590,11,657.95,60672,152805,0.4660401864160676,0
2023-07-28 14:25:31,657.5,348611,11,657.95,60672,152824,0.4660401864160676,0
2023-07-28 14:25:31,657.5,348611,200,657.95,60672,152824,0.4660401864160676,0
2023-07-28 14:25:34,657.5,348811,200,657.95,60784,152624,0.4660401864160676,0
2023-07-28 14:25:38,656.8,349012,15,657.95,60575,152855,0.35908014363204355,0
2023-07-28 14:25:38,657.5,349012,19,657.95,60575,152855,0.4660401864160676,0
2023-07-28 14:25:40,657.5,349162,19,657.95,60900,152389,0.4660401864160676,0
2023-07-28 14:25:40,657.5,349162,19,657.95,60764,152564,0.4660401864160676,0
2023-07-28 14:25:40,657.5,349162,19,657.95,60764,152570,0.4660401864160676,0
2023-07-28 14:25:40,657.55,349162,10,657.95,60764,152570,0.47368018947206186,0
2023-07-28 14:25:49,657.55,349172,10,657.95,60690,152739,0.47368018947206186,0
2023-07-28 14:25:49,657.5,349172,5,657.95,60690,152739,0.4660401864160676,0
2023-07-28 14:25:54,657.0,349197,20,657.95,60870,152744,0.3896401558560554,0
2023-07-28 14:25:54,657.0,349197,20,657.95,60870,152744,0.3896401558560554,0
2023-07-28 14:25:54,657.0,349197,20,657.95,60870,152744,0.3896401558560554,0
2023-07-28 14:25:57,657.5,349198,1,657.95,60970,152753,0.4660401864160676,0
2023-07-28 14:25:57,657.5,349198,1,657.95,60943,152753,0.4660401864160676,0
2023-07-28 14:25:57,657.55,349198,6,657.95,60943,152753,0.47368018947206186,0
2023-07-28 14:25:57,657.0,349198,32,657.95,60943,152753,0.3896401558560554,0
2023-07-28 14:26:08,657.0,349345,32,657.95,60881,152711,0.3896401558560554,0
2023-07-28 14:26:08,657.0,349345,32,657.95,60923,152641,0.3896401558560554,0
2023-07-28 14:26:08,657.0,349345,32,657.95,60823,152586,0.3896401558560554,0
2023-07-28 14:26:20,657.0,349360,12,657.95,60678,152694,0.3896401558560554,0
2023-07-28 14:26:20,656.85,349360,25,657.95,60678,152694,0.3667201466880552,0
2023-07-28 14:26:21,656.85,349395,25,657.95,60866,152606,0.3667201466880552,0
2023-07-28 14:26:21,656.85,349395,25,657.95,60866,152632,0.3667201466880552,0
2023-07-28 14:26:21,656.85,349395,25,657.95,60865,152632,0.3667201466880552,0
2023-07-28 14:26:21,657.45,349395,3,657.95,60865,152632,0.4584001833600733,0
2023-07-28 14:26:33,657.45,349398,3,657.95,60865,152629,0.4584001833600733,0
2023-07-28 14:26:33,657.0,349398,2,657.95,60865,152629,0.3896401558560554,0
2023-07-28 14:26:33,657.5,349398,3,657.95,60865,152629,0.4660401864160676,0
2023-07-28 14:26:37,657.5,349403,3,657.95,61004,152624,0.4660401864160676,0
2023-07-28 14:26:37,657.5,349403,3,657.95,60882,152624,0.4660401864160676,0
2023-07-28 14:26:37,657.0,349403,1,657.95,60882,152624,0.3896401558560554,0
2023-07-28 14:26:41,657.0,349404,3,657.95,60881,152624,0.3896401558560554,0
2023-07-28 14:26:43,657.0,349407,3,657.95,60698,152429,0.3896401558560554,0
2023-07-28 14:26:43,657.0,349407,3,657.95,60698,151771,0.3896401558560554,0
2023-07-28 14:26:43,657.0,349407,3,657.95,60716,151692,0.3896401558560554,0
2023-07-28 14:26:50,657.45,349457,5,657.95,60716,151618,0.4584001833600733,0
2023-07-28 14:26:50,657.45,349457,5,657.95,60715,151714,0.4584001833600733,0
2023-07-28 14:26:50,657.45,349457,5,657.95,60715,151714,0.4584001833600733,0
2023-07-28 14:26:50,657.45,349457,2,657.95,60715,151714,0.4584001833600733,0
2023-07-28 14:26:58,657.45,349459,2,657.95,60713,151712,0.4584001833600733,0
2023-07-28 14:26:58,657.45,349459,2,657.95,60857,151731,0.4584001833600733,0
2023-07-28 14:26:58,657.5,349459,131,657.95,60857,151731,0.4660401864160676,0
2023-07-28 14:27:06,657.5,349669,131,657.95,60873,151689,0.4660401864160676,0
2023-07-28 14:27:06,657.55,349669,5,657.95,60873,151689,0.47368018947206186,0
2023-07-28 14:27:08,657.55,349674,5,657.95,60942,151684,0.47368018947206186,0
2023-07-28 14:27:08,657.55,349674,5,657.95,60942,151590,0.47368018947206186,0
2023-07-28 14:27:08,657.9,349674,21,657.95,60942,151590,0.5271602108640739,0
2023-07-28 14:27:13,657.6,350552,2,657.95,60813,150341,0.4813201925280735,0
2023-07-28 14:27:13,658.0,350552,8,657.95,60813,150341,0.5424402169760798,0
2023-07-28 14:27:13,658.0,350552,22,657.95,60813,150341,0.5424402169760798,0
2023-07-28 14:27:16,657.05,351210,93,657.95,60990,149957,0.39728015891204965,0
2023-07-28 14:27:16,657.9,351210,1,657.95,60990,149957,0.5271602108640739,0
2023-07-28 14:27:18,657.9,351211,1,657.95,61052,149956,0.5271602108640739,0
2023-07-28 14:27:18,657.9,351211,1,657.95,61052,149956,0.5271602108640739,0
2023-07-28 14:27:21,657.3,351222,10,657.95,61050,149957,0.43548017419205576,0
2023-07-28 14:27:21,657.95,351222,8,657.95,61050,149957,0.5348002139200855,0
2023-07-28 14:27:22,657.95,352230,8,657.95,61428,149388,0.5348002139200855,0
2023-07-28 14:27:26,658.35,352231,1,657.95,61598,149357,0.5959202383680918,0
2023-07-28 14:27:26,658.35,352231,1,657.95,61637,149462,0.5959202383680918,0
2023-07-28 14:27:26,658.3,352231,10,657.95,61637,149462,0.5882802353120802,0
2023-07-28 14:27:31,658.3,352241,10,657.95,61647,149452,0.5882802353120802,0
2023-07-28 14:27:31,658.3,352241,10,657.95,61585,149452,0.5882802353120802,0
2023-07-28 14:27:31,658.3,352241,10,657.95,61385,149562,0.5882802353120802,0
2023-07-28 14:27:31,658.3,352241,15,657.95,61385,149562,0.5882802353120802,0
2023-07-28 14:27:31,658.4,352241,520,657.95,61385,149562,0.6035602414240862,0
2023-07-28 14:27:42,658.4,353011,520,657.95,61583,149545,0.6035602414240862,0
2023-07-28 14:27:42,658.4,353011,520,657.95,61608,149588,0.6035602414240862,0
2023-07-28 14:27:42,658.4,353011,520,657.95,61608,149625,0.6035602414240862,0
2023-07-28 14:27:42,658.4,353011,520,657.95,61587,149589,0.6035602414240862,0
2023-07-28 14:27:42,658.4,353011,520,657.95,61607,149589,0.6035602414240862,0
2023-07-28 14:27:42,658.4,353011,520,657.95,61397,149626,0.6035602414240862,0
2023-07-28 14:27:42,658.4,353011,14,657.95,61397,149626,0.6035602414240862,0
2023-07-28 14:27:56,658.4,353025,14,657.95,61345,149647,0.6035602414240862,0
2023-07-28 14:27:56,658.05,353025,15,657.95,61345,149647,0.5500802200320741,0
2023-07-28 14:28:01,658.05,353142,2,657.95,61176,149725,0.5500802200320741,0
2023-07-28 14:28:01,658.05,353142,2,657.95,61177,149763,0.5500802200320741,0
2023-07-28 14:28:06,658.4,353242,50,657.95,61122,149670,0.6035602414240862,0
2023-07-28 14:28:06,658.4,353242,50,657.95,61122,149670,0.6035602414240862,0
2023-07-28 14:28:06,658.4,353242,50,657.95,61187,149586,0.6035602414240862,0
2023-07-28 14:28:06,658.4,353242,50,657.95,61187,149671,0.6035602414240862,0
2023-07-28 14:28:06,658.05,353242,2,657.95,61187,149671,0.5500802200320741,0
2023-07-28 14:28:12,658.05,353244,2,657.95,61185,149671,0.5500802200320741,0
2023-07-28 14:28:12,658.5,353244,3,657.95,61185,149671,0.618840247536092,0
2023-07-28 14:28:16,658.5,353294,3,657.95,61295,149891,0.618840247536092,0
2023-07-28 14:28:16,658.5,353294,3,657.95,61295,149891,0.618840247536092,0
2023-07-28 14:28:17,658.5,353304,3,657.95,61288,149722,0.618840247536092,0
2023-07-28 14:28:17,658.05,353304,56,657.95,61288,149722,0.5500802200320741,0
2023-07-28 14:28:19,658.05,353404,56,657.95,61248,149898,0.5500802200320741,0
2023-07-28 14:28:19,658.45,353404,3,657.95,61248,149898,0.6112002444800978,0
2023-07-28 14:28:21,658.45,353407,3,657.95,61314,149969,0.6112002444800978,0
2023-07-28 14:28:21,658.45,353407,3,657.95,61249,149970,0.6112002444800978,0
2023-07-28 14:28:31,658.45,353408,1,657.95,61226,149969,0.6112002444800978,0
2023-07-28 14:28:31,658.45,353408,1,657.95,61226,149979,0.6112002444800978,0
2023-07-28 14:28:31,658.45,353408,20,657.95,61226,149979,0.6112002444800978,0
2023-07-28 14:28:35,658.45,353428,20,657.95,61151,149959,0.6112002444800978,0
2023-07-28 14:28:35,658.45,353428,20,657.95,61151,149959,0.6112002444800978,0
2023-07-28 14:28:35,659.4,353428,31,657.95,61151,149959,0.7563603025441106,0
2023-07-28 14:28:46,659.4,356495,31,657.96,62138,147984,0.7563603025441106,0
2023-07-28 14:28:46,659.35,356495,12,657.96,62138,147984,0.7487202994881162,0
2023-07-28 14:28:47,659.35,356582,12,657.96,61977,148395,0.7487202994881162,0
2023-07-28 14:28:47,659.2,356582,7,657.96,61977,148395,0.7258002903201161,0
2023-07-28 14:28:51,659.2,356589,7,657.96,61929,148571,0.7258002903201161,0
2023-07-28 14:28:51,659.2,356589,5,657.96,61929,148571,0.7258002903201161,0
2023-07-28 14:28:53,658.95,356594,48,657.96,61929,148566,0.68760027504011,0
2023-07-28 14:28:53,658.75,356594,2,657.96,61929,148566,0.6570402628160982,0
2023-07-28 14:28:54,658.75,356698,2,657.96,61673,148687,0.6570402628160982,0
2023-07-28 14:28:54,658.75,356698,2,657.96,61757,148467,0.6570402628160982,0
2023-07-28 14:28:54,658.75,356698,2,657.96,61776,148434,0.6570402628160982,0
2023-07-28 14:28:54,658.75,356698,2,657.96,61776,148434,0.6570402628160982,0
2023-07-28 14:28:54,659.0,356698,12,657.96,61776,148434,0.6952402780961042,0
2023-07-28 14:29:10,659.0,356748,12,657.96,61782,148384,0.6952402780961042,0
2023-07-28 14:29:16,658.75,356773,25,657.96,61757,148384,0.6570402628160982,0
2023-07-28 14:29:16,659.25,356773,2,657.96,61757,148384,0.7334402933761104,0
2023-07-28 14:29:16,659.2,356773,2,657.96,61757,148384,0.7258002903201161,0
2023-07-28 14:29:17,659.2,356833,2,657.96,61811,148457,0.7258002903201161,0
2023-07-28 14:29:17,659.2,356833,2,657.96,61811,148757,0.7258002903201161,0
2023-07-28 14:29:17,659.2,356833,2,657.96,61798,148963,0.7258002903201161,0
2023-07-28 14:29:17,659.2,356833,2,657.96,62035,148812,0.7258002903201161,0
2023-07-28 14:29:17,659.45,356833,4,657.96,62035,148812,0.7640003056001222,0
2023-07-28 14:29:17,658.9,356833,45,657.96,62035,148812,0.6799602719840984,0
2023-07-28 14:29:28,658.9,356918,45,657.96,61754,149018,0.6799602719840984,0
2023-07-28 14:29:28,658.9,356918,45,657.96,61876,149175,0.6799602719840984,0
2023-07-28 14:29:28,658.9,356918,45,657.96,61471,149080,0.6799602719840984,0
2023-07-28 14:29:28,658.9,356918,45,657.96,61471,149130,0.6799602719840984,0
2023-07-28 14:29:28,658.4,356918,53,657.96,61471,149130,0.6035602414240862,0
2023-07-28 14:29:41,658.4,357093,53,657.96,60918,149486,0.6035602414240862,0
2023-07-28 14:29:41,658.4,357093,53,657.96,60968,149486,0.6035602414240862,0
2023-07-28 14:29:41,658.4,357093,53,657.96,60880,149457,0.6035602414240862,0
2023-07-28 14:29:41,658.4,357093,53,657.96,60880,149476,0.6035602414240862,0
2023-07-28 14:29:41,658.4,357093,53,657.96,60881,149456,0.6035602414240862,0
2023-07-28 14:29:41,658.6,357093,9,657.96,60881,149456,0.634120253648098,0
2023-07-28 14:29:41,658.3,357093,15,657.96,60881,149456,0.5882802353120802,0
2023-07-28 14:29:58,658.3,357262,15,657.96,61032,149444,0.5882802353120802,0
2023-07-28 14:29:58,658.1,357262,5,657.96,61032,149444,0.5577202230880858,0
2023-07-28 14:30:00,658.1,357267,5,657.96,61064,149579,0.5577202230880858,0
2023-07-28 14:30:00,658.1,357267,50,657.96,61064,149624,0.5577202230880858,0
2023-07-28 14:30:05,658.1,357317,50,657.96,61014,150005,0.5577202230880858,0
2023-07-28 14:30:05,658.1,357317,50,657.96,61161,149988,0.5577202230880858,0
2023-07-28 14:30:05,658.1,357317,50,657.96,61161,150034,0.5577202230880858,0
2023-07-28 14:30:05,658.15,357317,32,657.96,61161,150034,0.56536022614408,0
2023-07-28 14:30:15,658.15,357423,32,657.96,61031,149980,0.56536022614408,0
2023-07-28 14:30:15,658.15,357423,32,657.96,60946,150079,0.56536022614408,0
2023-07-28 14:30:21,658.15,357473,50,657.96,60946,150117,0.56536022614408,0
2023-07-28 14:30:21,658.15,357473,50,657.96,60946,149917,0.56536022614408,0
2023-07-28 14:30:21,658.15,357473,50,657.96,60946,149967,0.56536022614408,0
2023-07-28 14:30:34,658.45,357476,3,657.96,60993,149964,0.6112002444800978,0
2023-07-28 14:30:34,658.15,357476,25,657.96,60993,149964,0.56536022614408,0
2023-07-28 14:30:34,658.15,357476,50,657.96,60993,149964,0.56536022614408,0
2023-07-28 14:30:35,658.15,357725,50,657.96,61032,149806,0.56536022614408,0
2023-07-28 14:30:39,658.3,357742,7,657.96,61104,149703,0.5882802353120802,0
2023-07-28 14:30:39,658.15,357742,46,657.96,61104,149703,0.56536022614408,0
2023-07-28 14:30:40,658.15,357788,46,657.96,61105,149657,0.56536022614408,0
2023-07-28 14:30:44,658.05,357845,30,657.96,61051,149660,0.5500802200320741,0
2023-07-28 14:30:44,658.05,357845,30,657.96,61084,149660,0.5500802200320741,0
2023-07-28 14:30:51,658.8,358045,2,657.96,61262,149724,0.6646802658720924,0
2023-07-28 14:30:51,658.15,358045,5,657.96,61181,149724,0.56536022614408,0
2023-07-28 14:30:56,658.7,358090,8,657.96,61510,150163,0.6494002597601038,0
2023-07-28 14:30:56,658.7,358090,8,657.96,61751,150138,0.6494002597601038,0
2023-07-28 14:30:56,658.7,358090,8,657.96,61761,150053,0.6494002597601038,0
2023-07-28 14:30:56,658.7,358090,8,657.96,61761,150058,0.6494002597601038,0
2023-07-28 14:30:56,658.75,358090,23,657.96,61761,150058,0.6570402628160982,0
2023-07-28 14:31:05,658.75,358124,23,657.96,61885,152919,0.6570402628160982,0
2023-07-28 14:31:05,658.75,358124,23,657.96,61856,153096,0.6570402628160982,0
2023-07-28 14:31:05,658.75,358124,23,657.96,61856,153066,0.6570402628160982,0
2023-07-28 14:31:05,658.8,358124,2,657.96,61856,153066,0.6646802658720924,0
2023-07-28 14:31:15,658.8,358126,2,657.96,61593,153066,0.6646802658720924,0
2023-07-28 14:31:18,658.9,358155,27,657.96,61611,153097,0.6799602719840984,0
2023-07-28 14:31:18,659.05,358155,44,657.96,61611,153097,0.7028802811520986,0
2023-07-28 14:31:19,659.05,358280,44,657.96,61742,152881,0.7028802811520986,0
2023-07-28 14:31:19,658.65,358280,2,657.96,61742,152881,0.6417602567040922,0
2023-07-28 14:31:22,658.65,358282,2,657.96,61742,152974,0.6417602567040922,0
2023-07-28 14:31:22,658.65,358282,1,657.96,61742,152974,0.6417602567040922,0
2023-07-28 14:31:25,658.65,358283,1,657.96,61523,153194,0.6417602567040922,0
2023-07-28 14:31:25,658.65,358283,1,657.96,61568,153186,0.6417602567040922,0
2023-07-28 14:31:32,658.95,358288,5,657.96,61628,153231,0.68760027504011,0
2023-07-28 14:31:32,658.95,358288,5,657.96,61628,153401,0.68760027504011,0
2023-07-28 14:31:32,658.95,358288,5,657.96,61803,153401,0.68760027504011,0
2023-07-28 14:31:32,658.95,358288,5,657.96,61898,153401,0.68760027504011,0
2023-07-28 14:31:32,658.95,358288,5,657.96,61948,153401,0.68760027504011,0
2023-07-28 14:31:32,658.95,358288,1,657.96,61948,153401,0.68760027504011,0
2023-07-28 14:31:47,658.95,358289,1,657.96,61948,153400,0.68760027504011,0
2023-07-28 14:31:47,658.95,358289,1,657.96,61948,153289,0.68760027504011,0
2023-07-28 14:31:47,658.55,358289,10,657.96,61948,153289,0.6264802505920863,0
2023-07-28 14:31:55,658.55,358299,10,657.96,61938,153259,0.6264802505920863,0
2023-07-28 14:31:55,658.55,358299,10,657.96,61938,153309,0.6264802505920863,0
2023-07-28 14:32:00,658.95,358309,4,657.96,62123,153225,0.68760027504011,0
2023-07-28 14:32:00,658.95,358309,4,657.96,62252,153204,0.68760027504011,0
2023-07-28 14:32:00,658.95,358309,4,657.96,62252,153380,0.68760027504011,0
2023-07-28 14:32:00,658.8,358309,47,657.96,62252,153380,0.6646802658720924,0
2023-07-28 14:32:10,658.4,358359,1,657.96,62142,154166,0.6035602414240862,0
2023-07-28 14:32:12,658.4,358360,1,657.96,62016,154166,0.6035602414240862,0
2023-07-28 14:32:12,658.4,358360,1,657.96,62016,154166,0.6035602414240862,0
2023-07-28 14:32:20,658.4,358361,1,657.96,62057,154129,0.6035602414240862,0
2023-07-28 14:32:20,658.4,358361,1,657.96,62072,154129,0.6035602414240862,0
2023-07-28 14:32:20,658.4,358361,1,657.96,62072,154175,0.6035602414240862,0
2023-07-28 14:32:20,658.4,358361,20,657.96,62072,154175,0.6035602414240862,0
2023-07-28 14:32:20,658.4,358361,6,657.96,62072,154175,0.6035602414240862,0
2023-07-28 14:32:32,658.4,358387,6,657.96,62090,154199,0.6035602414240862,0
2023-07-28 14:32:32,658.4,358387,75,657.96,62090,154199,0.6035602414240862,0
2023-07-28 14:32:37,658.4,358462,75,657.96,62050,154351,0.6035602414240862,0
2023-07-28 14:32:37,658.4,358462,44,657.96,62050,154351,0.6035602414240862,0
2023-07-28 14:32:39,658.4,358603,44,657.96,61702,154533,0.6035602414240862,0
2023-07-28 14:32:39,658.4,358603,44,657.96,61879,154616,0.6035602414240862,0
2023-07-28 14:32:39,658.15,358603,2,657.96,61879,154616,0.56536022614408,0
2023-07-28 14:32:39,658.65,358603,11,657.96,61879,154616,0.6417602567040922,0
2023-07-28 14:32:45,658.65,358628,11,657.96,62109,154432,0.6417602567040922,0
2023-07-28 14:32:45,658.15,358628,15,657.96,62109,154432,0.56536022614408,0
2023-07-28 14:32:47,658.15,358677,15,657.96,61884,154772,0.56536022614408,0
2023-07-28 14:32:47,658.15,358677,15,657.96,61884,154693,0.56536022614408,0
2023-07-28 14:32:47,658.15,358677,15,657.96,61679,154483,0.56536022614408,0
2023-07-28 14:32:47,658.15,358677,1,657.96,61679,154483,0.56536022614408,0
2023-07-28 14:32:58,658.15,358678,1,657.96,61678,154533,0.56536022614408,0
2023-07-28 14:32:58,658.15,358678,1,657.96,61666,154533,0.56536022614408,0
2023-07-28 14:32:58,658.15,358678,1,657.96,61666,153960,0.56536022614408,0
2023-07-28 14:32:58,658.15,358678,1,657.96,61666,153960,0.56536022614408,0
2023-07-28 14:32:58,658.15,358678,1,657.96,61766,154010,0.56536022614408,0
2023-07-28 14:32:58,658.65,358678,3,657.96,61766,154010,0.6417602567040922,0
2023-07-28 14:33:13,658.65,358717,3,657.96,62103,153473,0.6417602567040922,0
2023-07-28 14:33:13,658.0,358717,120,657.96,62103,153473,0.5424402169760798,0
2023-07-28 14:33:16,658.0,359215,120,657.96,60915,154454,0.5424402169760798,0
2023-07-28 14:33:16,657.95,359215,32,657.96,60915,154454,0.5348002139200855,0
2023-07-28 14:33:19,658.25,359612,10,657.96,61281,154762,0.580640232256086,0
2023-07-28 14:33:19,658.25,359612,10,657.96,61311,154762,0.580640232256086,0
2023-07-28 14:33:19,657.65,359612,14,657.96,61311,154762,0.4889601955840678,0
2023-07-28 14:33:26,657.65,359690,14,657.96,61011,155026,0.4889601955840678,0
2023-07-28 14:33:26,657.65,359690,10,657.96,61011,155026,0.4889601955840678,0
2023-07-28 14:33:29,657.65,359700,10,657.96,60923,155026,0.4889601955840678,0
2023-07-28 14:33:29,657.05,359700,41,657.96,60923,155026,0.39728015891204965,0
2023-07-28 14:33:33,657.05,360200,2,657.96,59950,155600,0.39728015891204965,0
2023-07-28 14:33:36,657.05,360403,2,657.96,60002,155819,0.39728015891204965,0
2023-07-28 14:33:36,657.45,360403,7,657.96,60002,155819,0.4584001833600733,0
2023-07-28 14:33:42,657.45,360435,7,657.96,60046,155819,0.4584001833600733,0
2023-07-28 14:33:42,657.45,360435,27,657.96,60046,155819,0.4584001833600733,0
2023-07-28 14:33:42,657.05,360435,13,657.96,60046,155819,0.39728015891204965,0
2023-07-28 14:33:47,657.05,360482,13,657.96,60101,156326,0.39728015891204965,0
2023-07-28 14:33:47,657.05,360482,13,657.96,60085,156366,0.39728015891204965,0
2023-07-28 14:33:47,657.05,360482,13,657.96,60216,156231,0.39728015891204965,0
2023-07-28 14:33:47,657.05,360482,13,657.96,60216,156231,0.39728015891204965,0
2023-07-28 14:33:47,657.0,360482,304,657.96,60216,156231,0.3896401558560554,0
2023-07-28 14:33:47,657.45,360482,10,657.96,60216,156231,0.4584001833600733,0
2023-07-28 14:33:47,657.7,360482,8,657.96,60216,156231,0.4966001986400794,0
2023-07-28 14:33:59,657.7,361042,8,657.96,60313,155856,0.4966001986400794,0
2023-07-28 14:33:59,657.7,361042,8,657.96,60548,155918,0.4966001986400794,0
2023-07-28 14:33:59,657.7,361042,8,657.96,60593,155831,0.4966001986400794,0
2023-07-28 14:33:59,657.7,361042,8,657.96,60902,155601,0.4966001986400794,0
2023-07-28 14:33:59,657.7,361042,8,657.96,60932,154874,0.4966001986400794,0
2023-07-28 14:33:59,657.45,361042,1,657.96,60932,154874,0.4584001833600733,0
2023-07-28 14:34:14,657.45,361043,1,657.96,60887,154423,0.4584001833600733,0
2023-07-28 14:34:14,657.45,361043,1,657.96,60878,154423,0.4584001833600733,0
2023-07-28 14:34:14,657.45,361043,1,657.96,61052,154492,0.4584001833600733,0
2023-07-28 14:34:23,657.45,361046,3,657.96,61025,154615,0.4584001833600733,0
2023-07-28 14:34:23,657.45,361046,3,657.96,61070,151585,0.4584001833600733,0
2023-07-28 14:34:31,657.45,361118,35,657.96,61070,151513,0.4584001833600733,0
2023-07-28 14:34:31,657.45,361118,35,657.96,60940,151288,0.4584001833600733,0
2023-07-28 14:34:31,657.45,361118,5,657.96,60940,151288,0.4584001833600733,0
2023-07-28 14:34:37,657.7,361123,50,657.96,60930,152269,0.4966001986400794,0
2023-07-28 14:34:39,657.7,361173,50,657.96,60886,152343,0.4966001986400794,0
2023-07-28 14:34:39,657.7,361173,145,657.96,60886,152343,0.4966001986400794,0
2023-07-28 14:34:45,657.7,361318,145,657.96,60843,152429,0.4966001986400794,0
2023-07-28 14:34:45,657.7,361318,145,657.96,60848,152429,0.4966001986400794,0
2023-07-28 14:34:45,657.8,361318,2,657.96,60848,152429,0.511880204752068,0
2023-07-28 14:34:50,657.8,361320,2,657.96,60848,152373,0.511880204752068,0
2023-07-28 14:34:50,657.45,361320,1,657.96,60848,152373,0.4584001833600733,0
2023-07-28 14:34:50,657.7,361320,8,657.96,60848,152373,0.4966001986400794,0
2023-07-28 14:34:57,657.7,361329,8,657.96,60634,152436,0.4966001986400794,0
2023-07-28 14:34:57,657.7,361329,5,657.96,60634,152436,0.4966001986400794,0
2023-07-28 14:34:58,657.7,361334,5,657.96,60701,152387,0.4966001986400794,0
2023-07-28 14:34:58,657.8,361334,11,657.96,60701,152387,0.511880204752068,0
2023-07-28 14:35:01,657.8,361382,11,657.96,60764,152383,0.511880204752068,0
2023-07-28 14:35:01,657.35,361382,1,657.96,60764,152383,0.4431201772480674,0
2023-07-28 14:35:03,657.35,361383,1,657.96,60674,152618,0.4431201772480674,0
2023-07-28 14:35:03,657.35,361383,1,657.96,60674,152628,0.4431201772480674,0
2023-07-28 14:35:03,657.35,361383,1,657.96,60691,152628,0.4431201772480674,0
2023-07-28 14:35:03,657.85,361383,25,657.96,60691,152628,0.5195202078080796,0
2023-07-28 14:35:03,657.25,361383,70,657.96,60691,152628,0.4278401711360615,0
2023-07-28 14:35:03,657.8,361383,1,657.96,60691,152628,0.511880204752068,0
2023-07-28 14:35:21,657.8,361579,1,657.96,60709,152657,0.511880204752068,0
2023-07-28 14:35:21,657.8,361579,1,657.96,60582,152673,0.511880204752068,0
2023-07-28 14:35:21,657.95,361579,229,657.96,60582,152673,0.5348002139200855,0
2023-07-28 14:35:29,657.95,362079,229,657.96,60804,151832,0.5348002139200855,0
2023-07-28 14:35:29,657.95,362079,229,657.96,60830,151832,0.5348002139200855,0
2023-07-28 14:35:29,657.95,362079,229,657.96,60816,151903,0.5348002139200855,0
2023-07-28 14:35:29,657.95,362079,229,657.96,60807,151903,0.5348002139200855,0
2023-07-28 14:35:29,657.9,362079,61,657.96,60807,151903,0.5271602108640739,0
2023-07-28 14:35:41,657.9,362140,61,657.96,67308,151880,0.5271602108640739,0
2023-07-28 14:35:41,657.9,362140,5,657.96,67308,151880,0.5271602108640739,0
2023-07-28 14:35:45,657.9,362145,5,657.96,67308,151875,0.5271602108640739,0
2023-07-28 14:35:45,657.9,362145,5,657.96,67308,151948,0.5271602108640739,0
2023-07-28 14:35:55,657.35,362231,24,657.96,67176,152126,0.4431201772480674,0
2023-07-28 14:35:55,657.35,362231,24,657.96,67176,152221,0.4431201772480674,0
2023-07-28 14:36:00,657.85,362234,3,657.96,67251,152218,0.5195202078080796,0
2023-07-28 14:36:00,657.3,362234,36,657.96,67251,152218,0.43548017419205576,0
2023-07-28 14:36:02,657.8,362351,10,657.96,66948,152313,0.511880204752068,0
2023-07-28 14:36:02,657.8,362351,10,657.96,66959,152333,0.511880204752068,0
2023-07-28 14:36:07,657.15,362371,20,657.96,66984,152349,0.41256016502405557,0
2023-07-28 14:36:07,657.15,362371,10,657.96,66984,152349,0.41256016502405557,0
2023-07-28 14:36:10,657.15,362381,10,657.96,66974,152341,0.41256016502405557,0
2023-07-28 14:36:10,657.15,362381,10,657.96,66951,152341,0.41256016502405557,0
2023-07-28 14:36:10,657.7,362381,1,657.96,66951,152341,0.4966001986400794,0
2023-07-28 14:36:15,657.7,362382,1,657.96,66833,152308,0.4966001986400794,0
2023-07-28 14:36:15,657.7,362382,1,657.96,66838,152308,0.4966001986400794,0
2023-07-28 14:36:15,657.7,362382,1,657.96,66838,151908,0.4966001986400794,0
2023-07-28 14:36:15,657.7,362382,1,657.96,66858,151908,0.4966001986400794,0
2023-07-28 14:36:15,657.7,362382,1,657.96,66863,152704,0.4966001986400794,0
2023-07-28 14:36:15,657.7,362382,5,657.96,66863,152704,0.4966001986400794,0
2023-07-28 14:36:31,657.7,362412,5,657.96,66961,152780,0.4966001986400794,0
2023-07-28 14:36:31,657.7,362412,5,657.96,67962,152680,0.4966001986400794,0
2023-07-28 14:36:31,657.7,362412,6,657.96,67962,152680,0.4966001986400794,0
2023-07-28 14:36:38,657.7,362432,10,657.96,67602,152636,0.4966001986400794,0
2023-07-28 14:36:38,657.7,362432,6,657.96,67602,152636,0.4966001986400794,0
2023-07-28 14:36:40,657.7,362439,6,657.96,67682,152639,0.4966001986400794,0
2023-07-28 14:36:40,657.75,362439,5,657.96,67682,152639,0.5042402016960736,0
2023-07-28 14:36:46,657.75,362464,5,657.96,67927,152527,0.5042402016960736,0
2023-07-28 14:36:46,657.6,362464,1,657.96,67927,152527,0.4813201925280735,0
2023-07-28 14:36:49,657.6,362465,1,657.96,67849,152605,0.4813201925280735,0
2023-07-28 14:36:49,657.6,362465,1,657.96,67853,152605,0.4813201925280735,0
2023-07-28 14:36:49,657.6,362465,1,657.96,67853,152606,0.4813201925280735,0
2023-07-28 14:36:49,657.6,362465,1,657.96,67853,152706,0.4813201925280735,0
2023-07-28 14:36:49,657.15,362465,8,657.96,67853,152706,0.41256016502405557,0
2023-07-28 14:36:59,657.15,362530,8,657.96,67566,152813,0.41256016502405557,0
2023-07-28 14:36:59,657.15,362530,8,657.96,67546,152908,0.41256016502405557,0
2023-07-28 14:36:59,657.15,362530,8,657.96,67603,152825,0.41256016502405557,0
2023-07-28 14:36:59,657.15,362530,8,657.96,67603,152993,0.41256016502405557,0
2023-07-28 14:36:59,657.1,362530,5,657.96,67603,152993,0.4049201619680613,0
2023-07-28 14:37:11,657.1,362535,40,657.96,67598,152993,0.4049201619680613,0
2023-07-28 14:37:11,657.05,362535,43,657.96,67598,152993,0.39728015891204965,0
2023-07-28 14:37:13,657.05,362675,43,657.96,67370,153038,0.39728015891204965,0
2023-07-28 14:37:13,657.05,362675,43,657.96,67402,153038,0.39728015891204965,0
2023-07-28 14:37:13,657.05,362675,43,657.96,67616,153038,0.39728015891204965,0
2023-07-28 14:37:13,657.05,362675,43,657.96,67572,153038,0.39728015891204965,0
2023-07-28 14:37:13,657.05,362675,43,657.96,67572,153123,0.39728015891204965,0
2023-07-28 14:37:13,657.5,362675,5,657.96,67572,153123,0.4660401864160676,0
2023-07-28 14:37:32,657.0,362695,15,657.96,67612,153108,0.3896401558560554,0
2023-07-28 14:37:32,657.5,362695,1,657.96,67612,153163,0.4660401864160676,0
2023-07-28 14:37:32,657.55,362695,18,657.96,67612,153163,0.47368018947206186,0
2023-07-28 14:37:36,657.55,362718,18,657.96,67693,153035,0.47368018947206186,0
2023-07-28 14:37:36,657.75,362718,1,657.96,67693,153035,0.5042402016960736,0
2023-07-28 14:37:39,657.75,362719,1,657.96,67687,152939,0.5042402016960736,0
2023-07-28 14:37:39,657.05,362719,8,657.96,67687,152939,0.39728015891204965,0
2023-07-28 14:37:42,657.05,362727,8,657.96,67939,152939,0.39728015891204965,0
2023-07-28 14:37:42,657.05,362727,1,657.96,67939,152939,0.39728015891204965,0
2023-07-28 14:37:42,657.8,362727,6,657.96,67939,152939,0.511880204752068,0
2023-07-28 14:37:44,657.8,362744,6,657.96,67938,152948,0.511880204752068,0
2023-07-28 14:37:48,657.05,362753,9,657.96,67945,153039,0.39728015891204965,0
2023-07-28 14:37:50,657.7,362756,3,657.96,67945,153041,0.4966001986400794,0
2023-07-28 14:37:50,657.7,362756,3,657.96,61473,153041,0.4966001986400794,0
2023-07-28 14:37:50,657.7,362756,1,657.96,61473,153041,0.4966001986400794,0
2023-07-28 14:37:54,657.7,362757,1,657.96,61475,152930,0.4966001986400794,0
2023-07-28 14:37:54,657.7,362757,1,657.96,61523,152985,0.4966001986400794,0
2023-07-28 14:38:01,657.05,362759,2,657.96,61475,153201,0.39728015891204965,0
2023-07-28 14:38:01,657.05,362759,2,657.96,61528,153251,0.39728015891204965,0
2023-07-28 14:38:01,657.05,362759,2,657.96,61146,153311,0.39728015891204965,0
2023-07-28 14:38:01,657.15,362759,9,657.96,61146,153311,0.41256016502405557,0
2023-07-28 14:38:08,657.15,362769,9,657.96,61201,153301,0.41256016502405557,0
2023-07-28 14:38:08,657.15,362769,9,657.96,61201,153173,0.41256016502405557,0
2023-07-28 14:38:08,657.05,362769,10,657.96,61201,153173,0.39728015891204965,0
2023-07-28 14:38:13,657.05,362779,10,657.96,60731,153173,0.39728015891204965,0
2023-07-28 14:38:19,657.0,362799,4,657.96,60673,153232,0.3896401558560554,0
2023-07-28 14:38:19,657.5,362799,6,657.96,60673,153232,0.4660401864160676,0
2023-07-28 14:38:20,657.5,362805,6,657.96,60683,153133,0.4660401864160676,0
2023-07-28 14:38:20,657.0,362805,63,657.96,60683,153133,0.3896401558560554,0
2023-07-28 14:38:27,657.05,362952,2,657.96,60510,153244,0.39728015891204965,0
2023-07-28 14:38:27,657.05,362952,2,657.96,60520,153244,0.39728015891204965,0
2023-07-28 14:38:27,657.0,362952,186,657.96,60520,153244,0.3896401558560554,0
2023-07-28 14:38:35,657.0,364185,186,657.96,60378,153201,0.3896401558560554,0
2023-07-28 14:38:35,657.0,364185,186,657.96,60456,153231,0.3896401558560554,0
2023-07-28 14:38:35,657.0,364185,186,657.96,60458,153231,0.3896401558560554,0
2023-07-28 14:38:35,657.5,364185,40,657.96,60458,153231,0.4660401864160676,0
2023-07-28 14:38:35,657.6,364185,13,657.96,60458,153231,0.4813201925280735,0
2023-07-28 14:38:35,657.6,364185,15,657.96,60458,153231,0.4813201925280735,0
2023-07-28 14:38:46,657.6,364279,15,657.96,60760,153001,0.4813201925280735,0
2023-07-28 14:38:46,657.6,364279,3,657.96,60760,153001,0.4813201925280735,0
2023-07-28 14:38:46,657.6,364279,10,657.96,60760,153001,0.4813201925280735,0
2023-07-28 14:38:49,657.6,364317,10,657.96,61244,153017,0.4813201925280735,0
2023-07-28 14:38:49,657.15,364317,2,657.96,61244,153017,0.41256016502405557,0
2023-07-28 14:38:49,657.6,364317,3,657.96,61244,153017,0.4813201925280735,0
2023-07-28 14:38:49,657.05,364317,16,657.96,61244,153017,0.39728015891204965,0
2023-07-28 14:38:52,657.05,364470,16,657.96,61117,153091,0.39728015891204965,0
2023-07-28 14:38:52,657.05,364470,16,657.96,61136,153091,0.39728015891204965,0
2023-07-28 14:38:52,657.05,364470,16,657.96,61136,153091,0.39728015891204965,0
2023-07-28 14:38:52,657.6,364470,1,657.96,61136,153091,0.4813201925280735,0
2023-07-28 14:38:52,657.6,364470,20,657.96,61136,153091,0.4813201925280735,0
2023-07-28 14:39:01,657.6,364491,20,657.96,61141,153174,0.4813201925280735,0
2023-07-28 14:39:01,657.6,364491,20,657.96,61141,153174,0.4813201925280735,0
2023-07-28 14:39:01,657.0,364491,159,657.96,61141,153174,0.3896401558560554,0
2023-07-28 14:39:05,657.0,364694,159,657.95,61088,153271,0.3896401558560554,0
2023-07-28 14:39:05,657.0,364694,159,657.95,61085,153271,0.3896401558560554,0
2023-07-28 14:39:05,657.0,364694,4,657.95,61085,153271,0.3896401558560554,0
2023-07-28 14:39:05,657.5,364694,1,657.95,61085,153271,0.4660401864160676,0
2023-07-28 14:39:13,657.5,364699,1,657.95,60957,153225,0.4660401864160676,0
2023-07-28 14:39:13,657.55,364699,9,657.95,60957,153225,0.47368018947206186,0
2023-07-28 14:39:17,657.55,364724,9,657.95,61055,153175,0.47368018947206186,0
2023-07-28 14:39:17,657.55,364724,9,657.95,61023,153176,0.47368018947206186,0
2023-07-28 14:39:17,657.55,364724,9,657.95,61023,153176,0.47368018947206186,0
2023-07-28 14:39:17,657.5,364724,9,657.95,61023,153176,0.4660401864160676,0
2023-07-28 14:39:17,657.55,364724,28,657.95,61023,153176,0.47368018947206186,0
2023-07-28 14:39:28,657.55,364769,28,657.95,61200,153034,0.47368018947206186,0
2023-07-28 14:39:32,657.6,364869,14,657.95,61276,152853,0.4813201925280735,0
2023-07-28 14:39:32,657.6,364869,14,657.95,61264,152948,0.4813201925280735,0
2023-07-28 14:39:37,657.0,365609,1,657.95,60628,153112,0.3896401558560554,0
2023-07-28 14:39:37,657.0,365609,1,657.95,60671,153208,0.3896401558560554,0
2023-07-28 14:39:37,657.0,365609,1,657.95,60671,153208,0.3896401558560554,0
2023-07-28 14:39:42,657.0,365659,1,657.95,60581,153208,0.3896401558560554,0
2023-07-28 14:39:42,657.0,365659,1,657.95,60441,153208,0.3896401558560554,0
2023-07-28 14:39:42,657.0,365659,1,657.95,60441,153208,0.3896401558560554,0
2023-07-28 14:39:42,657.2,365659,50,657.95,60441,153208,0.4202001680800672,0
2023-07-28 14:39:52,657.2,365709,50,657.95,60386,153122,0.4202001680800672,0
2023-07-28 14:39:52,657.05,365709,15,657.95,60386,153122,0.39728015891204965,0
2023-07-28 14:39:55,657.05,365749,15,657.95,60445,152982,0.39728015891204965,0
2023-07-28 14:39:55,657.5,365749,15,657.95,60445,152982,0.4660401864160676,0
2023-07-28 14:39:55,657.65,365749,67,657.95,60445,152982,0.4889601955840678,0
2023-07-28 14:39:59,657.65,365839,5,657.95,60650,152980,0.4889601955840678,0
2023-07-28 14:39:59,657.65,365839,2,657.95,60650,152980,0.4889601955840678,0
2023-07-28 14:40:01,657.65,365841,2,657.95,60696,152962,0.4889601955840678,0
2023-07-28 14:40:01,657.65,365841,1,657.95,60696,152962,0.4889601955840678,0
2023-07-28 14:40:04,657.65,365842,1,657.95,60652,152961,0.4889601955840678,0
2023-07-28 14:40:04,657.65,365842,4,657.95,60652,152961,0.4889601955840678,0
2023-07-28 14:40:07,657.5,365946,100,657.95,60695,152995,0.4660401864160676,0
2023-07-28 14:40:10,657.65,365976,22,657.95,60695,152965,0.4889601955840678,0
2023-07-28 14:40:13,657.65,365996,10,657.95,60695,152945,0.4889601955840678,0
2023-07-28 14:40:13,657.7,365996,5,657.95,60695,152945,0.4966001986400794,0
2023-07-28 14:40:14,657.85,366026,1,657.95,61141,152838,0.5195202078080796,0
2023-07-28 14:40:16,657.85,366027,1,657.95,61189,152809,0.5195202078080796,0
2023-07-28 14:40:16,657.85,366027,4,657.95,61189,152809,0.5195202078080796,0
2023-07-28 14:40:21,657.85,366031,4,657.95,61189,152805,0.5195202078080796,0
2023-07-28 14:40:21,657.65,366031,35,657.95,61279,152805,0.4889601955840678,0
2023-07-28 14:40:25,657.65,366066,35,657.95,61243,152805,0.4889601955840678,0
2023-07-28 14:40:25,657.85,366066,10,657.95,61243,152805,0.5195202078080796,0
2023-07-28 14:40:28,657.85,366076,10,657.95,61278,152795,0.5195202078080796,0
2023-07-28 14:40:28,657.85,366076,10,657.95,61278,152831,0.5195202078080796,0
2023-07-28 14:40:28,657.25,366076,19,657.95,61278,152831,0.4278401711360615,0
2023-07-28 14:40:35,657.25,366173,19,657.95,61551,152876,0.4278401711360615,0
2023-07-28 14:40:35,657.25,366173,19,657.95,61498,152876,0.4278401711360615,0
2023-07-28 14:40:41,657.35,366183,10,657.95,61409,152876,0.4431201772480674,0
2023-07-28 14:40:41,657.8,366183,9,657.95,61409,152876,0.511880204752068,0
2023-07-28 14:40:43,657.8,366192,9,657.95,61409,152867,0.511880204752068,0
2023-07-28 14:40:43,657.8,366192,9,657.95,61322,152857,0.511880204752068,0
2023-07-28 14:40:43,657.8,366192,2,657.95,61322,152857,0.511880204752068,0
2023-07-28 14:40:49,657.8,366194,2,657.95,61326,152855,0.511880204752068,0
2023-07-28 14:40:49,657.8,366194,20,657.95,61326,152855,0.511880204752068,0
2023-07-28 14:40:52,657.8,366214,20,657.95,61349,152800,0.511880204752068,0
2023-07-28 14:40:52,657.55,366214,100,657.95,61349,152800,0.47368018947206186,0
2023-07-28 14:40:54,657.55,366314,100,657.95,61207,152746,0.47368018947206186,0
2023-07-28 14:40:58,657.3,366315,1,657.95,61230,152746,0.43548017419205576,0
2023-07-28 14:40:58,657.8,366315,2,657.95,61230,152746,0.511880204752068,0
2023-07-28 14:40:58,657.3,366315,5,657.95,61230,152746,0.43548017419205576,0
2023-07-28 14:41:00,657.3,366322,5,657.95,61225,152729,0.43548017419205576,0
2023-07-28 14:41:00,657.8,366322,15,657.95,61225,152729,0.511880204752068,0
2023-07-28 14:41:02,657.8,366337,15,657.95,61225,152714,0.511880204752068,0
2023-07-28 14:41:02,657.3,366337,1,657.95,61225,152714,0.43548017419205576,0
2023-07-28 14:41:09,657.3,366338,1,657.95,61376,152645,0.43548017419205576,0
2023-07-28 14:41:09,657.8,366338,38,657.95,61376,152645,0.511880204752068,0
2023-07-28 14:41:09,657.85,366338,25,657.95,61376,152645,0.5195202078080796,0
2023-07-28 14:41:12,657.85,366490,25,657.95,61682,152419,0.5195202078080796,0
2023-07-28 14:41:12,657.8,366490,22,657.95,61682,152419,0.511880204752068,0
2023-07-28 14:41:12,657.8,366515,22,657.95,61682,152394,0.511880204752068,0
2023-07-28 14:41:12,657.8,366515,22,657.95,61682,152384,0.511880204752068,0
2023-07-28 14:41:12,657.9,366515,1,657.95,61682,152384,0.5271602108640739,0
2023-07-28 14:41:12,657.45,366515,2,657.95,61682,152384,0.4584001833600733,0
2023-07-28 14:41:21,657.45,366518,2,657.95,61680,152433,0.4584001833600733,0
2023-07-28 14:41:21,657.45,366518,7,657.95,61680,152433,0.4584001833600733,0
2023-07-28 14:41:27,657.45,366525,7,657.95,61673,152433,0.4584001833600733,0
2023-07-28 14:41:27,657.45,366525,7,657.95,61643,152496,0.4584001833600733,0
2023-07-28 14:41:27,657.8,366525,20,657.95,61643,152496,0.511880204752068,0
2023-07-28 14:41:32,657.8,366545,20,657.95,61713,152496,0.511880204752068,0
2023-07-28 14:41:32,657.9,366545,8,657.95,61713,152496,0.5271602108640739,0
2023-07-28 14:41:36,657.9,366554,8,657.95,61780,152614,0.5271602108640739,0
2023-07-28 14:41:36,657.8,366554,2,657.95,61780,152614,0.511880204752068,0
2023-07-28 14:41:37,657.8,366556,2,657.95,61789,152614,0.511880204752068,0
2023-07-28 14:41:37,657.8,366556,2,657.95,61789,152604,0.511880204752068,0
2023-07-28 14:41:37,657.15,366556,12,657.95,61789,152604,0.41256016502405557,0
2023-07-28 14:41:37,657.9,366556,3,657.95,61789,152604,0.5271602108640739,0
2023-07-28 14:41:45,657.9,367338,3,657.95,61206,152795,0.5271602108640739,0
2023-07-28 14:41:45,657.35,367338,10,657.95,61206,152795,0.4431201772480674,0
2023-07-28 14:41:45,657.35,367338,34,657.95,61206,152795,0.4431201772480674,0
2023-07-28 14:41:51,657.35,367398,34,657.95,61125,153039,0.4431201772480674,0
2023-07-28 14:41:51,657.8,367398,3,657.95,61125,153039,0.511880204752068,0
2023-07-28 14:41:51,657.35,367398,25,657.95,61125,153039,0.4431201772480674,0
2023-07-28 14:41:56,657.8,367481,5,657.95,61037,153182,0.511880204752068,0
2023-07-28 14:41:56,657.0,367481,13,657.95,61037,153182,0.3896401558560554,0
2023-07-28 14:42:00,657.0,370709,8,657.94,58034,150119,0.3896401558560554,0
2023-07-28 14:42:00,657.0,370709,8,657.94,58093,149983,0.3896401558560554,0
2023-07-28 14:42:00,657.0,370709,8,657.94,58123,149983,0.3896401558560554,0
2023-07-28 14:42:00,657.0,370709,8,657.94,58125,149983,0.3896401558560554,0
2023-07-28 14:42:12,657.0,370726,16,657.94,58125,149966,0.3896401558560554,0
2023-07-28 14:42:12,657.0,370726,7,657.94,58125,149966,0.3896401558560554,0
2023-07-28 14:42:19,657.0,370734,1,657.94,58125,149958,0.3896401558560554,0
2023-07-28 14:42:19,657.0,370734,698,657.94,58125,149958,0.3896401558560554,0
2023-07-28 14:42:21,657.0,371486,698,657.94,58277,149208,0.3896401558560554,0
2023-07-28 14:42:21,656.9,371486,1,657.94,58277,149208,0.37436014974404946,0
2023-07-28 14:42:23,656.9,371487,1,657.94,58192,149261,0.37436014974404946,0
2023-07-28 14:42:23,656.9,371487,1,657.94,58192,149261,0.37436014974404946,0
2023-07-28 14:42:23,656.9,371487,1,657.94,58192,149266,0.37436014974404946,0
2023-07-28 14:42:23,656.9,371487,1,657.94,58186,149242,0.37436014974404946,0
2023-07-28 14:42:23,657.0,371487,1,657.94,58186,149242,0.3896401558560554,0
2023-07-28 14:42:40,657.0,371488,1,657.94,58189,149248,0.3896401558560554,0
2023-07-28 14:42:40,657.0,371488,1,657.94,58192,149248,0.3896401558560554,0
2023-07-28 14:42:48,657.35,371608,38,657.94,58118,149408,0.4431201772480674,0
2023-07-28 14:42:48,657.35,371608,38,657.94,58118,149392,0.4431201772480674,0
2023-07-28 14:42:48,657.35,371608,38,657.94,58114,149392,0.4431201772480674,0
2023-07-28 14:42:48,657.35,371608,38,657.94,58054,149292,0.4431201772480674,0
2023-07-28 14:42:48,657.35,371608,38,657.94,58054,149292,0.4431201772480674,0
2023-07-28 14:42:48,656.85,371608,6,657.94,58054,149292,0.3667201466880552,0
2023-07-28 14:43:06,656.85,371708,6,657.94,58040,149276,0.3667201466880552,0
2023-07-28 14:43:06,657.35,371708,38,657.94,58040,149276,0.4431201772480674,0
2023-07-28 14:43:09,657.35,371808,38,657.94,58310,149139,0.4431201772480674,0
2023-07-28 14:43:09,657.3,371808,3,657.94,58322,149143,0.43548017419205576,0
2023-07-28 14:43:09,656.8,371808,11,657.94,58322,149143,0.35908014363204355,0
2023-07-28 14:43:09,656.75,371808,5,657.94,58322,149143,0.3514401405760493,0
2023-07-28 14:43:15,656.75,371896,5,657.94,58304,149094,0.3514401405760493,0
2023-07-28 14:43:15,656.75,371896,15,657.94,58304,149094,0.3514401405760493,0
2023-07-28 14:43:19,656.75,371946,15,657.94,58254,149267,0.3514401405760493,0
2023-07-28 14:43:19,656.75,371946,15,657.94,58252,149267,0.3514401405760493,0
2023-07-28 14:43:19,657.25,371946,10,657.94,58252,149267,0.4278401711360615,0
2023-07-28 14:43:26,657.25,371956,10,657.94,58262,149267,0.4278401711360615,0
2023-07-28 14:43:26,657.15,371956,1,657.94,58262,149267,0.41256016502405557,0
2023-07-28 14:43:27,657.15,372007,1,657.94,58102,149378,0.41256016502405557,0
2023-07-28 14:43:27,657.15,372007,1,657.94,58102,149398,0.41256016502405557,0
2023-07-28 14:43:27,657.15,372007,1,657.94,58122,149398,0.41256016502405557,0
2023-07-28 14:43:27,657.15,372007,1,657.94,58122,149398,0.41256016502405557,0
2023-07-28 14:43:44,657.0,372081,10,657.94,58022,149365,0.3896401558560554,0
2023-07-28 14:43:44,657.0,372081,150,657.94,58022,149365,0.3896401558560554,0
2023-07-28 14:43:53,657.0,372231,150,657.94,58025,149034,0.3896401558560554,0
2023-07-28 14:43:53,657.0,372231,150,657.94,58035,149015,0.3896401558560554,0
2023-07-28 14:43:53,656.6,372231,94,657.94,58035,149015,0.3285201314080491,0
2023-07-28 14:43:57,656.6,372331,94,657.94,58272,149115,0.3285201314080491,0
2023-07-28 14:43:57,656.6,372331,94,657.94,58253,149115,0.3285201314080491,0
2023-07-28 14:43:57,656.6,372331,94,657.94,58253,149165,0.3285201314080491,0
2023-07-28 14:43:57,656.6,372331,94,657.94,58253,149225,0.3285201314080491,0
2023-07-28 14:43:57,657.0,372331,2,657.94,58253,149225,0.3896401558560554,0
2023-07-28 14:43:57,657.0,372331,3,657.94,58253,149225,0.3896401558560554,0
2023-07-28 14:44:10,657.0,372336,3,657.94,58255,149220,0.3896401558560554,0
2023-07-28 14:44:10,657.0,372336,3,657.94,58406,149058,0.3896401558560554,0
2023-07-28 14:44:10,656.65,372336,1,657.94,58406,149058,0.33616013446404336,0
2023-07-28 14:44:15,656.65,372337,1,657.94,58405,149258,0.33616013446404336,0
2023-07-28 14:44:20,657.0,372339,2,657.94,58405,149256,0.3896401558560554,0
2023-07-28 14:44:20,657.0,372339,50,657.94,58405,149256,0.3896401558560554,0
2023-07-28 14:44:22,657.0,372389,50,657.94,58475,149206,0.3896401558560554,0
2023-07-28 14:44:22,657.0,372389,50,657.94,58475,149236,0.3896401558560554,0
2023-07-28 14:44:22,657.0,372389,50,657.94,58490,149236,0.3896401558560554,0
2023-07-28 14:44:22,656.75,372389,29,657.94,58490,149236,0.3514401405760493,0
2023-07-28 14:44:22,657.0,372389,5,657.94,58490,149236,0.3896401558560554,0
2023-07-28 14:44:35,656.65,372800,276,657.94,58226,148958,0.33616013446404336,0
2023-07-28 14:44:35,656.65,372800,276,657.94,58105,148692,0.33616013446404336,0
2023-07-28 14:44:35,657.35,372800,10,657.94,58105,148692,0.4431201772480674,0
2023-07-28 14:44:35,657.0,372800,100,657.94,58105,148692,0.3896401558560554,0
2023-07-28 14:44:42,657.2,372940,10,657.94,57802,148824,0.4202001680800672,0
2023-07-28 14:44:42,657.0,372940,11,657.94,57802,148824,0.3896401558560554,0
2023-07-28 14:44:44,657.0,372961,11,657.94,57979,148738,0.3896401558560554,0
2023-07-28 14:44:44,657.25,372961,12,657.94,57979,148738,0.4278401711360615,0
2023-07-28 14:44:47,657.25,372973,12,657.94,58061,148738,0.4278401711360615,0
2023-07-28 14:44:47,657.25,372973,20,657.94,58061,148738,0.4278401711360615,0
2023-07-28 14:44:49,657.25,372993,20,657.94,58072,148728,0.4278401711360615,0
2023-07-28 14:44:49,657.0,372993,3,657.94,58072,148728,0.3896401558560554,0
2023-07-28 14:44:51,657.0,372996,3,657.94,58077,148732,0.3896401558560554,0
2023-07-28 14:44:56,657.3,373021,1,657.94,58067,148707,0.43548017419205576,0
2023-07-28 14:44:57,657.3,373022,1,657.94,58244,148706,0.43548017419205576,0
2023-07-28 14:44:57,657.3,373022,1,657.94,58259,149338,0.43548017419205576,0
2023-07-28 14:44:57,656.85,373022,39,657.94,58259,149338,0.3667201466880552,0
2023-07-28 14:45:06,656.85,373092,39,657.94,58335,149035,0.3667201466880552,0
2023-07-28 14:45:06,656.85,373092,39,657.94,58448,149035,0.3667201466880552,0
2023-07-28 14:45:15,656.75,373392,54,657.94,58142,149445,0.3514401405760493,0
2023-07-28 14:45:15,656.85,373392,11,657.94,58142,149445,0.3667201466880552,0
2023-07-28 14:45:16,656.85,373403,11,657.93,58061,149445,0.3667201466880552,0
2023-07-28 14:45:16,656.85,373403,11,657.93,58070,149495,0.3667201466880552,0
2023-07-28 14:45:16,657.25,373403,8,657.93,58070,149495,0.4278401711360615,0
2023-07-28 14:45:24,657.25,373411,8,657.93,58060,149474,0.4278401711360615,0
2023-07-28 14:45:24,657.25,373411,6,657.93,58060,149474,0.4278401711360615,0
2023-07-28 14:45:26,657.25,373417,6,657.93,58068,149468,0.4278401711360615,0
2023-07-28 14:45:26,657.25,373417,2,657.93,58068,149468,0.4278401711360615,0
2023-07-28 14:45:30,657.25,373419,2,657.93,58131,149474,0.4278401711360615,0
2023-07-28 14:45:30,657.25,373419,2,657.93,58131,149462,0.4278401711360615,0
2023-07-28 14:45:30,657.3,373419,59,657.93,58131,149462,0.43548017419205576,0
2023-07-28 14:45:30,656.8,373419,7,657.93,58131,149462,0.35908014363204355,0
2023-07-28 14:45:37,656.8,373647,7,657.93,58320,149275,0.35908014363204355,0
2023-07-28 14:45:37,656.85,373647,5,657.93,58320,149275,0.3667201466880552,0
2023-07-28 14:45:40,656.85,373807,5,657.93,58128,149494,0.3667201466880552,0
2023-07-28 14:45:40,657.3,373807,1,657.93,58128,149494,0.43548017419205576,0
2023-07-28 14:45:48,656.85,373812,4,657.93,58063,149474,0.3667201466880552,0
2023-07-28 14:45:48,657.25,373812,1,657.93,58063,149474,0.4278401711360615,0
2023-07-28 14:45:50,657.25,373813,1,657.93,58074,149468,0.4278401711360615,0
2023-07-28 14:45:50,657.25,373813,1,657.93,58084,149252,0.4278401711360615,0
2023-07-28 14:45:50,657.0,373813,9,657.93,58084,149252,0.3896401558560554,0
2023-07-28 14:45:50,657.25,373813,1,657.93,58084,149252,0.4278401711360615,0
2023-07-28 14:45:59,657.25,373824,1,657.93,59415,149070,0.4278401711360615,0
2023-07-28 14:45:59,657.35,373824,8,657.93,59415,149070,0.4431201772480674,0
2023-07-28 14:46:02,657.35,373834,8,657.93,59468,149047,0.4431201772480674,0
2023-07-28 14:46:02,657.35,373834,182,657.93,59468,149047,0.4431201772480674,0
2023-07-28 14:46:07,657.15,374016,11,657.93,59109,148575,0.41256016502405557,0
2023-07-28 14:46:09,657.15,374046,11,657.93,59015,148641,0.41256016502405557,0
2023-07-28 14:46:09,657.15,374046,11,657.93,59109,148684,0.41256016502405557,0
2023-07-28 14:46:09,657.15,374046,11,657.93,58924,148815,0.41256016502405557,0
2023-07-28 14:46:09,657.5,374046,46,657.93,58924,148815,0.4660401864160676,0
2023-07-28 14:46:22,657.5,374096,46,657.93,58954,148664,0.4660401864160676,0
2023-07-28 14:46:22,657.5,374096,7,657.93,58954,148664,0.4660401864160676,0
2023-07-28 14:46:26,657.5,374103,7,657.93,58954,148657,0.4660401864160676,0
2023-07-28 14:46:26,657.5,374103,7,657.93,58954,148657,0.4660401864160676,0
2023-07-28 14:46:26,657.5,374103,1,657.93,58954,148657,0.4660401864160676,0
2023-07-28 14:46:37,657.5,374104,1,657.93,58999,148651,0.4660401864160676,0
2023-07-28 14:46:37,657.15,374104,2,657.93,58999,148651,0.41256016502405557,0
2023-07-28 14:46:39,657.15,374106,2,657.93,58982,148664,0.41256016502405557,0
2023-07-28 14:46:39,657.5,374106,16,657.93,58982,148664,0.4660401864160676,0
2023-07-28 14:46:45,657.5,374124,16,657.93,58964,148584,0.4660401864160676,0
2023-07-28 14:46:45,657.5,374124,1,657.93,58964,148584,0.4660401864160676,0
2023-07-28 14:46:45,657.5,374124,9,657.93,58964,148584,0.4660401864160676,0
2023-07-28 14:46:48,657.75,374156,2,657.93,58578,148280,0.5042402016960736,0
2023-07-28 14:46:48,657.75,374156,2,657.93,58597,148335,0.5042402016960736,0
2023-07-28 14:46:48,657.3,374156,1,657.93,58597,148335,0.43548017419205576,0
2023-07-28 14:46:54,657.3,374157,1,657.93,58551,148489,0.43548017419205576,0
2023-07-28 14:46:54,657.3,374157,1,657.93,58551,148489,0.43548017419205576,0
2023-07-28 14:46:54,657.6,374157,59,657.93,58551,148489,0.4813201925280735,0
2023-07-28 14:46:54,657.3,374157,4,657.93,58551,148489,0.43548017419205576,0
2023-07-28 14:47:11,657.3,374261,4,657.93,58595,148309,0.43548017419205576,0
2023-07-28 14:47:11,657.65,374261,1,657.93,58595,148309,0.4889601955840678,0
2023-07-28 14:47:12,657.65,374262,1,657.93,58723,148376,0.4889601955840678,0
2023-07-28 14:47:12,657.5,374262,10,657.93,58723,148376,0.4660401864160676,0
2023-07-28 14:47:17,657.5,374272,10,657.93,58971,148372,0.4660401864160676,0
2023-07-28 14:47:17,657.5,374272,6,657.93,58971,148372,0.4660401864160676,0
2023-07-28 14:47:24,657.5,374348,6,657.93,58895,148480,0.4660401864160676,0
2023-07-28 14:47:24,657.5,374348,6,657.93,58883,148523,0.4660401864160676,0
2023-07-28 14:47:39,657.5,374351,3,657.93,58880,148524,0.4660401864160676,0
2023-07-28 14:47:39,657.65,374351,8,657.93,58880,148524,0.4889601955840678,0
2023-07-28 14:47:39,657.65,374359,8,657.93,58867,148549,0.4889601955840678,0
2023-07-28 14:47:39,657.65,374359,8,657.93,58867,148549,0.4889601955840678,0
2023-07-28 14:47:39,657.65,374359,5,657.93,58867,148544,0.4889601955840678,0
2023-07-28 14:47:49,657.65,374753,5,657.93,58828,148168,0.4889601955840678,0
2023-07-28 14:47:49,657.65,374753,5,657.93,58893,148244,0.4889601955840678,0
2023-07-28 14:47:49,657.65,374753,5,657.93,58893,148284,0.4889601955840678,0
2023-07-28 14:47:49,657.8,374753,69,657.93,58893,148284,0.511880204752068,0
2023-07-28 14:47:49,657.5,374753,5,657.93,58893,148284,0.4660401864160676,0
2023-07-28 14:48:17,657.9,374917,3,657.93,58978,148066,0.5271602108640739,0
2023-07-28 14:48:17,657.9,374917,3,657.93,58975,148066,0.5271602108640739,0
2023-07-28 14:48:17,657.9,374917,3,657.93,58975,148066,0.5271602108640739,0
2023-07-28 14:48:30,657.9,374922,5,657.93,58975,148051,0.5271602108640739,0
2023-07-28 14:48:30,657.9,374922,5,657.93,58977,148051,0.5271602108640739,0
2023-07-28 14:48:30,657.9,374922,10,657.93,58977,148051,0.5271602108640739,0
2023-07-28 14:48:37,657.9,374932,10,657.93,58978,148041,0.5271602108640739,0
2023-07-28 14:48:37,657.5,374932,20,657.93,58978,148041,0.4660401864160676,0
2023-07-28 14:48:50,658.0,375181,59,657.93,58749,147870,0.5424402169760798,0
2023-07-28 14:48:50,658.0,375181,59,657.93,58749,147845,0.5424402169760798,0
2023-07-28 14:48:50,658.0,375181,59,657.93,58672,147845,0.5424402169760798,0
2023-07-28 14:48:50,657.5,375181,38,657.93,58672,147845,0.4660401864160676,0
2023-07-28 14:48:57,657.5,375271,38,657.93,58626,147886,0.4660401864160676,0
2023-07-28 14:48:57,657.9,375271,1,657.93,58626,147886,0.5271602108640739,0
2023-07-28 14:49:02,657.9,375274,1,657.93,58685,147915,0.5271602108640739,0
2023-07-28 14:49:02,657.9,375274,1,657.93,58585,147915,0.5271602108640739,0
2023-07-28 14:49:02,657.9,375274,1,657.93,58585,147915,0.5271602108640739,0
2023-07-28 14:49:08,657.9,375275,1,657.93,58586,147964,0.5271602108640739,0
2023-07-28 14:49:08,657.55,375275,5,657.93,58586,147964,0.47368018947206186,0
2023-07-28 14:49:08,657.55,375275,1,657.93,58586,147964,0.47368018947206186,0
2023-07-28 14:49:13,657.55,375291,10,657.93,58771,147878,0.47368018947206186,0
2023-07-28 14:49:16,657.95,375316,11,657.93,59276,147782,0.5348002139200855,0
2023-07-28 14:49:16,657.55,375316,19,657.93,59276,147782,0.47368018947206186,0
2023-07-28 14:49:16,657.6,375316,3,657.93,59276,147782,0.4813201925280735,0
2023-07-28 14:49:20,657.6,375369,3,657.93,59249,147832,0.4813201925280735,0
2023-07-28 14:49:20,657.95,375369,5,657.93,59249,147832,0.5348002139200855,0
2023-07-28 14:49:25,657.95,375374,5,657.93,59111,147746,0.5348002139200855,0
2023-07-28 14:49:25,657.6,375374,10,657.93,59112,147746,0.4813201925280735,0
2023-07-28 14:49:30,657.6,375384,10,657.93,59122,147942,0.4813201925280735,0
2023-07-28 14:49:30,657.95,375384,17,657.93,59122,147942,0.5348002139200855,0
2023-07-28 14:49:36,657.6,375426,1,657.93,59052,147916,0.4813201925280735,0
2023-07-28 14:49:36,657.6,375426,1,657.93,59052,148064,0.4813201925280735,0
2023-07-28 14:49:36,657.55,375426,9,657.93,59052,148064,0.47368018947206186,0
2023-07-28 14:49:42,657.55,375446,9,657.93,59035,148098,0.47368018947206186,0
2023-07-28 14:49:42,657.6,375446,3,657.93,59035,148098,0.4813201925280735,0
2023-07-28 14:49:44,657.6,375449,3,657.93,58796,148333,0.4813201925280735,0
2023-07-28 14:49:44,657.6,375449,3,657.93,58666,148333,0.4813201925280735,0
2023-07-28 14:49:44,657.6,375449,3,657.93,58666,148717,0.4813201925280735,0
2023-07-28 14:49:44,657.6,375449,3,657.93,58666,148717,0.4813201925280735,0
2023-07-28 14:49:44,657.85,375449,33,657.93,58666,148717,0.5195202078080796,0
2023-07-28 14:49:57,657.85,375489,33,657.93,59101,148348,0.5195202078080796,0
2023-07-28 14:49:57,657.6,375489,8,657.93,59101,148348,0.4813201925280735,0
2023-07-28 14:49:57,657.95,375489,32,657.93,59101,148348,0.5348002139200855,0
2023-07-28 14:50:02,657.95,375573,32,657.93,59144,148314,0.5348002139200855,0
2023-07-28 14:50:02,657.95,375573,32,657.93,59244,148339,0.5348002139200855,0
2023-07-28 14:50:02,657.6,375573,11,657.93,59244,148339,0.4813201925280735,0
2023-07-28 14:50:09,657.6,375584,11,657.93,59274,148282,0.4813201925280735,0
2023-07-28 14:50:09,657.6,375584,11,657.93,59324,148282,0.4813201925280735,0
2023-07-28 14:50:09,657.6,375584,11,657.93,59334,148282,0.4813201925280735,0
2023-07-28 14:50:09,657.55,375584,9,657.93,59324,148287,0.47368018947206186,0
2023-07-28 14:50:27,657.55,375614,9,657.93,59314,148287,0.47368018947206186,0
2023-07-28 14:50:27,657.55,375614,9,657.93,59552,148287,0.47368018947206186,0
2023-07-28 14:50:27,657.95,375614,15,657.93,59552,148287,0.5348002139200855,0
2023-07-28 14:50:35,657.95,375630,15,657.93,59587,148301,0.5348002139200855,0
2023-07-28 14:50:35,658.0,375630,5,657.93,59587,148301,0.5424402169760798,0
2023-07-28 14:50:36,658.0,376806,5,657.93,59791,147198,0.5424402169760798,0
2023-07-28 14:50:36,658.0,376806,5,657.93,59791,147198,0.5424402169760798,0
2023-07-28 14:50:36,658.0,376806,5,657.93,59801,147198,0.5424402169760798,0
2023-07-28 14:50:36,657.85,376806,52,657.93,59801,147198,0.5195202078080796,0
2023-07-28 14:50:46,657.85,376900,52,657.93,59772,147199,0.5195202078080796,0
2023-07-28 14:50:46,657.85,376900,52,657.93,59783,147314,0.5195202078080796,0
2023-07-28 14:50:46,657.85,376900,52,657.93,59740,147314,0.5195202078080796,0
2023-07-28 14:50:58,658.0,376907,7,657.93,59721,147314,0.5424402169760798,0
2023-07-28 14:50:58,658.0,376907,7,657.93,59971,147314,0.5424402169760798,0
2023-07-28 14:50:58,658.0,376907,7,657.93,59971,147314,0.5424402169760798,0
2023-07-28 14:50:58,658.2,376907,10,657.93,59971,147314,0.5730002292000916,0
2023-07-28 14:51:13,658.2,376927,10,657.93,59971,147294,0.5730002292000916,0
2023-07-28 14:51:13,658.2,376927,10,657.93,59978,147294,0.5730002292000916,0
2023-07-28 14:51:21,658.0,376928,1,657.93,59977,147289,0.5424402169760798,0
2023-07-28 14:51:21,658.0,376928,1,657.93,59977,147289,0.5424402169760798,0
2023-07-28 14:51:21,657.85,376928,9,657.93,59977,147289,0.5195202078080796,0
2023-07-28 14:51:23,657.85,376948,9,657.93,59956,147370,0.5195202078080796,0
2023-07-28 14:51:23,657.85,376948,9,657.93,59892,147369,0.5195202078080796,0
2023-07-28 14:51:23,657.85,376948,9,657.93,59892,147369,0.5195202078080796,0
2023-07-28 14:51:23,657.85,376948,25,657.93,59892,147369,0.5195202078080796,0
2023-07-28 14:51:23,657.85,376948,7,657.93,59892,147369,0.5195202078080796,0
2023-07-28 14:51:43,657.85,376980,7,657.93,60310,147369,0.5195202078080796,0
2023-07-28 14:51:43,657.85,376980,26,657.93,60310,147369,0.5195202078080796,0
2023-07-28 14:51:46,657.85,377030,26,657.93,60225,147396,0.5195202078080796,0
2023-07-28 14:51:46,658.2,377030,12,657.93,60225,147396,0.5730002292000916,0
2023-07-28 14:52:04,658.2,377052,12,657.93,60360,147503,0.5730002292000916,0
2023-07-28 14:52:04,658.2,377052,12,657.93,60360,147503,0.5730002292000916,0
2023-07-28 14:52:04,657.85,377052,1,657.93,60360,147503,0.5195202078080796,0
2023-07-28 14:52:15,657.85,377055,1,657.93,60360,147503,0.5195202078080796,0
2023-07-28 14:52:20,658.4,377158,3,657.93,60091,147613,0.6035602414240862,0
2023-07-28 14:52:20,658.4,377158,3,657.93,60091,147613,0.6035602414240862,0
2023-07-28 14:52:20,658.4,377158,3,657.93,60073,147613,0.6035602414240862,0
2023-07-28 14:52:20,658.4,377158,3,657.93,60073,147613,0.6035602414240862,0
2023-07-28 14:52:20,658.0,377158,1,657.93,60073,147613,0.5424402169760798,0
2023-07-28 14:52:29,658.0,377161,1,657.93,60065,147760,0.5424402169760798,0
2023-07-28 14:52:29,658.0,377161,44,657.93,60065,147760,0.5424402169760798,0
2023-07-28 14:52:29,657.9,377161,1,657.93,60065,147760,0.5271602108640739,0
2023-07-28 14:52:33,657.9,377377,1,657.93,60240,147857,0.5271602108640739,0
2023-07-28 14:52:33,658.25,377377,23,657.93,60240,147857,0.580640232256086,0
2023-07-28 14:52:33,657.9,377377,1,657.93,60240,147857,0.5271602108640739,0
2023-07-28 14:52:33,657.9,377377,50,657.93,60240,147857,0.5271602108640739,0
2023-07-28 14:52:40,657.9,377528,50,657.93,60064,147487,0.5271602108640739,0
2023-07-28 14:52:40,658.4,377528,10,657.93,60064,147487,0.6035602414240862,0
2023-07-28 14:52:42,658.4,377538,10,657.93,60080,147417,0.6035602414240862,0
2023-07-28 14:52:42,658.4,377538,10,657.93,60080,147337,0.6035602414240862,0
2023-07-28 14:52:42,658.4,377538,10,657.93,60089,147337,0.6035602414240862,0
2023-07-28 14:52:42,657.85,377538,84,657.93,60089,147337,0.5195202078080796,0
2023-07-28 14:52:42,658.5,377538,187,657.93,60089,147337,0.618840247536092,0
2023-07-28 14:52:42,658.05,377538,16,657.93,60089,147337,0.5500802200320741,0
2023-07-28 14:52:54,658.05,378264,16,657.93,60296,147015,0.5500802200320741,0
2023-07-28 14:52:54,658.05,378264,20,657.93,60296,147015,0.5500802200320741,0
2023-07-28 14:52:55,658.05,378314,20,657.93,60223,147128,0.5500802200320741,0
2023-07-28 14:52:55,658.05,378314,20,657.93,60222,147128,0.5500802200320741,0
2023-07-28 14:52:55,658.1,378314,2,657.93,60222,147128,0.5577202230880858,0
2023-07-28 14:52:55,658.45,378314,40,657.93,60222,147128,0.6112002444800978,0
2023-07-28 14:53:04,658.45,378356,40,657.93,60336,147088,0.6112002444800978,0
2023-07-28 14:53:04,658.1,378356,5,657.93,60336,147088,0.5577202230880858,0
2023-07-28 14:53:06,658.1,378361,5,657.93,60325,147088,0.5577202230880858,0
2023-07-28 14:53:06,658.0,378361,35,657.93,60325,147088,0.5424402169760798,0
2023-07-28 14:53:11,658.0,378423,35,657.93,60221,147225,0.5424402169760798,0
2023-07-28 14:53:11,658.0,378423,35,657.93,60221,147225,0.5424402169760798,0
2023-07-28 14:53:11,658.0,378423,39,657.93,60221,147225,0.5424402169760798,0
2023-07-28 14:53:15,658.0,378467,39,657.93,60117,147225,0.5424402169760798,0
2023-07-28 14:53:15,658.0,378467,3,657.93,60117,147225,0.5424402169760798,0
2023-07-28 14:53:25,658.0,378477,3,657.93,60311,147380,0.5424402169760798,0
2023-07-28 14:53:25,658.0,378477,3,657.93,60311,147382,0.5424402169760798,0
2023-07-28 14:53:25,658.45,378477,4,657.93,60311,147382,0.6112002444800978,0
2023-07-28 14:53:33,658.45,378497,4,657.93,60211,147278,0.6112002444800978,0
2023-07-28 14:53:33,658.4,378497,9,657.93,60211,147278,0.6035602414240862,0
2023-07-28 14:53:42,658.45,378528,1,657.93,60201,147107,0.6112002444800978,0
2023-07-28 14:53:42,658.0,378528,1,657.93,60201,147107,0.5424402169760798,0
2023-07-28 14:53:43,658.0,378543,1,657.93,60201,147323,0.5424402169760798,0
2023-07-28 14:53:43,658.0,378543,1,657.93,60201,147423,0.5424402169760798,0
2023-07-28 14:53:43,658.4,378543,10,657.93,60201,147423,0.6035602414240862,0
2023-07-28 14:53:43,658.4,378543,41,657.93,60201,147423,0.6035602414240862,0
2023-07-28 14:53:57,658.4,378694,41,657.93,59962,147306,0.6035602414240862,0
2023-07-28 14:53:57,658.4,378694,41,657.93,59972,147307,0.6035602414240862,0
2023-07-28 14:53:57,658.4,378694,41,657.93,59972,147397,0.6035602414240862,0
2023-07-28 14:53:57,658.45,378694,13,657.93,59972,147397,0.6112002444800978,0
2023-07-28 14:54:06,658.45,378707,13,657.93,59969,147262,0.6112002444800978,0
2023-07-28 14:54:06,657.85,378707,2,657.93,59969,147262,0.5195202078080796,0
2023-07-28 14:54:12,657.85,378712,2,657.93,60182,147180,0.5195202078080796,0
2023-07-28 14:54:12,658.35,378712,1,657.93,60182,147180,0.5959202383680918,0
2023-07-28 14:54:17,658.35,378713,1,657.93,60148,147116,0.5959202383680918,0
2023-07-28 14:54:17,658.5,378713,1,657.93,60148,147116,0.618840247536092,0
2023-07-28 14:54:20,658.5,378719,1,657.93,60276,147145,0.618840247536092,0
2023-07-28 14:54:20,658.5,378719,1,657.93,60275,147150,0.618840247536092,0
2023-07-28 14:54:20,658.5,378719,1,657.93,60275,147250,0.618840247536092,0
2023-07-28 14:54:35,658.5,378726,7,657.93,60213,147354,0.618840247536092,0
2023-07-28 14:54:35,658.5,378726,7,657.93,59858,147324,0.618840247536092,0
2023-07-28 14:54:35,658.5,378726,7,657.93,59868,147284,0.618840247536092,0
2023-07-28 14:54:44,658.5,378727,1,657.93,59868,147283,0.618840247536092,0
2023-07-28 14:54:44,657.95,378727,1,657.93,59868,147283,0.5348002139200855,0
2023-07-28 14:54:46,657.95,378728,1,657.93,59662,147451,0.5348002139200855,0
2023-07-28 14:54:46,658.45,378728,5,657.93,59662,147451,0.6112002444800978,0
2023-07-28 14:54:50,658.45,378733,5,657.93,59662,147455,0.6112002444800978,0
2023-07-28 14:54:50,658.45,378733,5,657.93,59668,147720,0.6112002444800978,0
2023-07-28 14:54:50,658.0,378733,30,657.93,59668,147720,0.5424402169760798,0
2023-07-28 14:54:56,658.0,378813,30,657.93,59646,147642,0.5424402169760798,0
2023-07-28 14:54:56,658.0,378813,4,657.93,59646,147642,0.5424402169760798,0
2023-07-28 14:54:58,658.0,378838,4,657.93,59680,147723,0.5424402169760798,0
2023-07-28 14:54:58,658.0,378838,4,657.93,59680,148336,0.5424402169760798,0
2023-07-28 14:54:58,658.0,378838,10,657.93,59680,148336,0.5424402169760798,0
2023-07-28 14:55:09,658.0,378858,10,657.93,59617,148309,0.5424402169760798,0
2023-07-28 14:55:09,657.95,378858,1,657.93,59617,148309,0.5348002139200855,0
2023-07-28 14:55:12,657.95,378864,1,657.93,59617,148183,0.5348002139200855,0
2023-07-28 14:55:12,657.95,378864,1,657.93,59617,148292,0.5348002139200855,0
2023-07-28 14:55:12,658.0,378864,11,657.93,59617,148292,0.5424402169760798,0
2023-07-28 14:55:17,658.0,378875,11,657.93,59617,148237,0.5424402169760798,0
2023-07-28 14:55:17,658.0,378875,5,657.93,59617,148237,0.5424402169760798,0
2023-07-28 14:55:22,658.0,378880,5,657.93,59617,148390,0.5424402169760798,0
2023-07-28 14:55:22,658.4,378880,5,657.93,59617,148390,0.6035602414240862,0
2023-07-28 14:55:24,658.4,379184,5,657.93,59692,148098,0.6035602414240862,0
2023-07-28 14:55:24,658.4,379184,5,657.93,59692,148118,0.6035602414240862,0
2023-07-28 14:55:24,658.4,379184,5,657.93,59692,148100,0.6035602414240862,0
2023-07-28 14:55:24,657.95,379184,1,657.93,59692,148100,0.5348002139200855,0
2023-07-28 14:55:37,658.45,380012,1,657.94,60358,147419,0.6112002444800978,0
2023-07-28 14:55:37,658.4,380012,244,657.94,60358,147419,0.6035602414240862,0
2023-07-28 14:55:37,658.4,380012,70,657.94,60358,147419,0.6035602414240862,0
2023-07-28 14:55:40,658.4,380492,8,657.94,60085,147481,0.6035602414240862,0
2023-07-28 14:55:40,658.5,380492,100,657.94,60085,147481,0.618840247536092,0
2023-07-28 14:55:44,658.3,381240,18,657.94,60030,146624,0.5882802353120802,0
2023-07-28 14:55:47,658.8,381245,4,657.94,60030,146619,0.6646802658720924,0
2023-07-28 14:55:47,658.8,381245,3,657.94,60030,146619,0.6646802658720924,0
2023-07-28 14:55:48,658.8,381248,3,657.94,60458,146616,0.6646802658720924,0
2023-07-28 14:55:48,658.8,381248,3,657.94,60430,146616,0.6646802658720924,0
2023-07-28 14:55:48,658.35,381248,20,657.94,60430,146616,0.5959202383680918,0
2023-07-28 14:55:48,658.9,381248,20,657.94,60430,146616,0.6799602719840984,0
2023-07-28 14:55:56,658.9,381318,20,657.94,60362,146466,0.6799602719840984,0
2023-07-28 14:55:56,658.9,381318,3,657.94,60362,146466,0.6799602719840984,0
2023-07-28 14:56:00,658.9,381356,8,657.94,60427,146563,0.6799602719840984,0
2023-07-28 14:56:00,658.9,381356,8,657.94,60437,146563,0.6799602719840984,0
2023-07-28 14:56:00,658.5,381356,6,657.94,60437,146563,0.618840247536092,0
2023-07-28 14:56:05,658.5,381372,10,657.94,60406,146563,0.618840247536092,0
2023-07-28 14:56:05,658.5,381372,1,657.94,60406,146563,0.618840247536092,0
2023-07-28 14:56:07,658.5,381405,1,657.94,59975,146888,0.618840247536092,0
2023-07-28 14:56:07,658.5,381405,1,657.94,59975,146908,0.618840247536092,0
2023-07-28 14:56:07,658.5,381405,1,657.94,59910,146933,0.618840247536092,0
2023-07-28 14:56:22,658.4,381425,6,657.94,59838,146938,0.6035602414240862,0
2023-07-28 14:56:22,658.4,381425,1,657.94,59838,146938,0.6035602414240862,0
2023-07-28 14:56:25,658.05,381492,35,657.94,59664,146964,0.5500802200320741,0
2023-07-28 14:56:25,658.05,381492,35,657.94,59664,146976,0.5500802200320741,0
2023-07-28 14:56:25,658.5,381492,2,657.94,59664,146976,0.618840247536092,0
2023-07-28 14:56:25,658.5,381492,40,657.94,59664,146976,0.618840247536092,0
2023-07-28 14:56:25,658.35,381492,5,657.94,59664,146976,0.5959202383680918,0
2023-07-28 14:56:35,658.35,381562,5,657.94,60300,146511,0.5959202383680918,0
2023-07-28 14:56:35,658.35,381562,5,657.94,61179,146661,0.5959202383680918,0
2023-07-28 14:56:35,658.4,381562,10,657.94,61179,146661,0.6035602414240862,0
2023-07-28 14:56:40,658.4,381572,10,657.94,61169,146661,0.6035602414240862,0
2023-07-28 14:56:40,658.4,381572,10,657.94,61186,146851,0.6035602414240862,0
2023-07-28 14:56:40,658.4,381572,10,657.94,61192,146851,0.6035602414240862,0
2023-07-28 14:56:40,658.9,381572,2,657.94,61192,146851,0.6799602719840984,0
2023-07-28 14:56:40,658.9,381572,4,657.94,61192,146851,0.6799602719840984,0
2023-07-28 14:56:51,658.9,381653,4,657.94,61002,146993,0.6799602719840984,0
2023-07-28 14:56:51,658.9,381653,4,657.94,60990,146967,0.6799602719840984,0
2023-07-28 14:56:51,658.3,381653,1,657.94,60990,146967,0.5882802353120802,0
2023-07-28 14:56:56,658.3,381733,1,657.94,60791,147079,0.5882802353120802,0
2023-07-28 14:56:56,658.3,381733,1,657.94,60798,147134,0.5882802353120802,0
2023-07-28 14:56:56,658.8,381733,40,657.94,60798,147134,0.6646802658720924,0
2023-07-28 14:56:56,658.3,381733,5,657.94,60798,147134,0.5882802353120802,0
2023-07-28 14:57:03,658.3,381783,5,657.94,60814,147287,0.5882802353120802,0
2023-07-28 14:57:03,658.85,381783,1,657.94,60814,147287,0.672320268928104,0
2023-07-28 14:57:07,658.85,381786,1,657.94,60814,147284,0.672320268928104,0
2023-07-28 14:57:07,658.85,381786,1,657.94,60831,147351,0.672320268928104,0
2023-07-28 14:57:07,658.3,381786,4,657.94,60831,147351,0.5882802353120802,0
2023-07-28 14:57:12,658.3,381801,4,657.94,60763,147651,0.5882802353120802,0
2023-07-28 14:57:12,658.3,381801,4,657.94,60763,147606,0.5882802353120802,0
2023-07-28 14:57:12,658.2,381801,5,657.94,60763,147606,0.5730002292000916,0
2023-07-28 14:57:19,658.2,381851,5,657.94,60358,146992,0.5730002292000916,0
2023-07-28 14:57:24,658.5,381873,2,657.94,60418,147019,0.618840247536092,0
2023-07-28 14:57:24,658.5,381873,2,657.94,60343,147019,0.618840247536092,0
2023-07-28 14:57:28,658.7,381888,3,657.94,60418,146854,0.6494002597601038,0
2023-07-28 14:57:28,658.7,381888,3,657.94,60625,146854,0.6494002597601038,0
2023-07-28 14:57:28,658.7,381888,3,657.94,60620,146854,0.6494002597601038,0
2023-07-28 14:57:28,658.7,381888,3,657.94,60620,146859,0.6494002597601038,0
2023-07-28 14:57:28,658.7,381888,3,657.94,60620,146785,0.6494002597601038,0
2023-07-28 14:57:28,658.7,381888,3,657.94,60620,146768,0.6494002597601038,0
2023-07-28 14:57:28,658.7,381888,3,657.94,60620,146768,0.6494002597601038,0
2023-07-28 14:57:28,658.7,381888,3,657.94,60620,146793,0.6494002597601038,0
2023-07-28 14:57:28,658.85,381888,5,657.94,60620,146793,0.672320268928104,0
2023-07-28 14:57:56,658.85,381918,5,657.94,60596,146673,0.672320268928104,0
2023-07-28 14:57:56,658.85,381918,5,657.94,60852,146694,0.672320268928104,0
2023-07-28 14:57:56,658.85,381918,2,657.94,60852,146694,0.672320268928104,0
2023-07-28 14:57:56,658.85,381918,5,657.94,60852,146694,0.672320268928104,0
2023-07-28 14:58:09,658.85,381946,5,657.94,60852,146526,0.672320268928104,0
2023-07-28 14:58:09,658.85,381946,5,657.94,60852,146527,0.672320268928104,0
2023-07-28 14:58:09,658.85,381946,5,657.94,60984,146527,0.672320268928104,0
2023-07-28 14:58:09,658.85,381946,10,657.94,60984,146527,0.672320268928104,0
2023-07-28 14:58:09,658.85,381946,1,657.94,60984,146527,0.672320268928104,0
2023-07-28 14:58:20,658.85,381957,1,657.94,61327,146229,0.672320268928104,0
2023-07-28 14:58:20,658.85,381957,1,657.94,61242,146291,0.672320268928104,0
2023-07-28 14:58:20,658.8,381957,2,657.94,61242,146291,0.6646802658720924,0
2023-07-28 14:58:32,658.8,381959,2,657.94,60880,146332,0.6646802658720924,0
2023-07-28 14:58:32,658.8,381959,1,657.94,60880,146332,0.6646802658720924,0
2023-07-28 14:58:36,658.8,382039,5,657.94,60613,146617,0.6646802658720924,0
2023-07-28 14:58:36,658.8,382039,4,657.94,60613,146617,0.6646802658720924,0
2023-07-28 14:58:36,658.25,382039,58,657.94,60613,146617,0.580640232256086,0
2023-07-28 14:58:36,658.8,382039,2,657.94,60613,146617,0.6646802658720924,0
2023-07-28 14:58:39,658.8,382212,2,657.94,59857,146574,0.6646802658720924,0
2023-07-28 14:58:39,658.35,382212,30,657.94,59857,146574,0.5959202383680918,0
2023-07-28 14:58:43,658.35,382242,30,657.94,59962,146574,0.5959202383680918,0
2023-07-28 14:58:43,658.8,382242,1,657.94,59962,146574,0.6646802658720924,0
2023-07-28 14:58:46,658.35,382365,1,657.94,59624,147024,0.5959202383680918,0
2023-07-28 14:58:46,658.3,382365,4,657.94,59624,147024,0.5882802353120802,0
2023-07-28 14:58:47,658.3,382372,4,657.94,59520,147082,0.5882802353120802,0
2023-07-28 14:58:47,658.3,382372,4,657.94,59520,147092,0.5882802353120802,0
2023-07-28 14:58:47,658.35,382372,15,657.94,59520,147092,0.5959202383680918,0
2023-07-28 14:58:55,658.8,382687,21,657.94,59645,146656,0.6646802658720924,0
2023-07-28 14:58:55,658.5,382687,37,657.94,59645,146656,0.618840247536092,0
2023-07-28 14:58:57,658.5,382724,37,657.94,59669,147942,0.618840247536092,0
2023-07-28 14:58:57,658.5,382724,5,657.94,59669,147942,0.618840247536092,0
2023-07-28 14:59:04,658.5,382729,5,657.94,59594,147932,0.618840247536092,0
2023-07-28 14:59:04,658.5,382729,10,657.94,59594,147932,0.618840247536092,0
2023-07-28 14:59:09,658.5,382739,10,657.94,59257,147992,0.618840247536092,0
2023-07-28 14:59:09,658.8,382739,7,657.94,59257,147992,0.6646802658720924,0
2023-07-28 14:59:09,658.1,382739,35,657.94,59257,147992,0.5577202230880858,0
2023-07-28 14:59:13,658.1,382913,35,657.94,59222,148110,0.5577202230880858,0
2023-07-28 14:59:13,658.1,382913,35,657.94,59223,148110,0.5577202230880858,0
2023-07-28 14:59:13,658.1,382913,35,657.94,59223,148095,0.5577202230880858,0
2023-07-28 14:59:13,658.6,382913,1,657.94,59223,148095,0.634120253648098,0
2023-07-28 14:59:24,658.6,382914,1,657.94,59267,148060,0.634120253648098,0
2023-07-28 14:59:25,658.6,382915,1,657.94,59616,147844,0.634120253648098,0
2023-07-28 14:59:25,658.6,382915,1,657.94,59616,147820,0.634120253648098,0
2023-07-28 14:59:25,658.6,382915,1,657.94,59551,147680,0.634120253648098,0
2023-07-28 14:59:25,658.6,382915,1,657.94,59577,147630,0.634120253648098,0
2023-07-28 14:59:25,658.45,382915,1,657.94,59577,147630,0.6112002444800978,0
2023-07-28 14:59:43,658.5,382931,6,657.94,59577,147602,0.618840247536092,0
2023-07-28 14:59:43,658.15,382931,9,657.94,59577,147602,0.56536022614408,0
2023-07-28 14:59:44,658.5,382940,5,657.94,59568,147613,0.618840247536092,0
2023-07-28 14:59:47,658.5,382950,5,657.94,59288,147608,0.618840247536092,0
2023-07-28 14:59:47,658.15,382950,3,657.94,59288,147608,0.56536022614408,0
2023-07-28 14:59:47,658.5,382950,2,657.94,59288,147608,0.618840247536092,0
2023-07-28 14:59:52,658.5,382955,2,657.94,59302,147606,0.618840247536092,0
2023-07-28 14:59:52,658.5,382955,2,657.94,59287,147636,0.618840247536092,0
2023-07-28 14:59:52,658.5,382955,1,657.94,59287,147636,0.618840247536092,0
2023-07-28 15:00:00,658.15,382956,4,657.94,59327,147564,0.56536022614408,0
2023-07-28 15:00:00,658.15,382956,1,657.94,59327,147564,0.56536022614408,0
2023-07-28 15:00:03,658.15,383008,1,657.94,59163,147563,0.56536022614408,0
2023-07-28 15:00:03,658.5,383008,2,657.94,59163,147563,0.618840247536092,0
2023-07-28 15:00:09,658.5,383010,2,657.94,59164,147477,0.618840247536092,0
2023-07-28 15:00:09,658.1,383010,4,657.94,59164,147477,0.5577202230880858,0
2023-07-28 15:00:09,658.5,383010,1,657.94,59164,147477,0.618840247536092,0
2023-07-28 15:00:13,658.5,383031,1,657.94,57686,146146,0.618840247536092,0
2023-07-28 15:00:13,658.5,383031,1,657.94,56279,145046,0.618840247536092,0
2023-07-28 15:00:13,658.5,383031,1,657.94,56279,145051,0.618840247536092,0
2023-07-28 15:00:13,658.5,383031,1,657.94,56278,145051,0.618840247536092,0
2023-07-28 15:00:13,658.5,383031,2,657.94,56278,145051,0.618840247536092,0
2023-07-28 15:00:13,658.5,383031,1,657.94,56278,145051,0.618840247536092,0
2023-07-28 15:00:26,658.5,383214,1,657.94,55991,145136,0.618840247536092,0
2023-07-28 15:00:26,658.5,383214,1,657.94,55977,145289,0.618840247536092,0
2023-07-28 15:00:26,658.5,383214,1,657.94,55977,145334,0.618840247536092,0
2023-07-28 15:00:26,658.1,383214,4,657.94,55977,145334,0.5577202230880858,0
2023-07-28 15:00:26,658.5,383214,48,657.94,55977,145334,0.618840247536092,0
2023-07-28 15:00:38,658.5,383351,48,657.94,57358,144783,0.618840247536092,0
2023-07-28 15:00:38,658.8,383351,1,657.94,57358,144783,0.6646802658720924,0
2023-07-28 15:00:38,658.8,383351,1,657.94,57358,144783,0.6646802658720924,0
2023-07-28 15:00:42,658.8,383353,1,657.94,57425,144771,0.6646802658720924,0
2023-07-28 15:00:42,658.3,383353,1,657.94,57425,144771,0.5882802353120802,0
2023-07-28 15:00:42,658.2,383353,1,657.94,57425,144771,0.5730002292000916,0
2023-07-28 15:00:44,658.2,383668,1,657.94,57078,145015,0.5730002292000916,0
2023-07-28 15:00:44,658.65,383668,1,657.94,57078,145015,0.6417602567040922,0
2023-07-28 15:00:52,658.65,383669,1,657.94,56964,145265,0.6417602567040922,0
2023-07-28 15:00:52,658.65,383669,5,657.94,56964,145265,0.6417602567040922,0
2023-07-28 15:00:54,658.65,383674,5,657.94,56933,145399,0.6417602567040922,0
2023-07-28 15:00:54,658.65,383674,5,657.94,56949,145399,0.6417602567040922,0
2023-07-28 15:00:54,658.5,383674,1,657.94,56949,145399,0.618840247536092,0
2023-07-28 15:00:54,658.6,383674,66,657.94,56949,145399,0.634120253648098,0
2023-07-28 15:01:08,658.6,383801,1,657.94,57019,145537,0.634120253648098,0
2023-07-28 15:01:08,658.3,383801,12,657.94,57019,145537,0.5882802353120802,0
2023-07-28 15:01:09,658.3,383841,12,657.94,56958,145492,0.5882802353120802,0
2023-07-28 15:01:09,658.3,383841,12,657.94,56969,145492,0.5882802353120802,0
2023-07-28 15:01:09,658.3,383841,12,657.94,56845,145351,0.5882802353120802,0
2023-07-28 15:01:09,658.6,383841,1,657.94,56845,145351,0.634120253648098,0
2023-07-28 15:01:18,658.6,383842,1,657.94,56845,145370,0.634120253648098,0
2023-07-28 15:01:18,658.6,383842,1,657.94,56845,145370,0.634120253648098,0
2023-07-28 15:01:23,658.6,383843,1,657.94,56815,145369,0.634120253648098,0
2023-07-28 15:01:23,658.3,383843,2,657.94,56815,145369,0.5882802353120802,0
2023-07-28 15:01:28,658.3,383845,2,657.94,56813,145724,0.5882802353120802,0
2023-07-28 15:01:28,658.5,383845,1,657.94,56813,145724,0.618840247536092,0
2023-07-28 15:01:31,658.5,383846,1,657.94,56814,145778,0.618840247536092,0
2023-07-28 15:01:31,658.5,383846,2,657.94,56814,145778,0.618840247536092,0
2023-07-28 15:01:31,658.5,383846,15,657.94,56814,145778,0.618840247536092,0
2023-07-28 15:01:33,658.5,383863,15,657.94,56813,145761,0.618840247536092,0
2023-07-28 15:01:33,658.3,383863,10,657.94,56813,145761,0.5882802353120802,0
2023-07-28 15:01:37,658.3,383873,10,657.94,56803,145651,0.5882802353120802,0
2023-07-28 15:01:37,658.5,383873,2,657.94,56803,145651,0.618840247536092,0
2023-07-28 15:01:37,658.15,383873,19,657.94,56803,145651,0.56536022614408,0
2023-07-28 15:01:40,658.15,383955,19,657.94,56718,145836,0.56536022614408,0
2023-07-28 15:01:40,658.5,383955,1,657.94,56718,145836,0.618840247536092,0
2023-07-28 15:01:44,658.5,383988,1,657.94,56634,145905,0.618840247536092,0
2023-07-28 15:01:44,658.5,383988,1,657.94,56634,145905,0.618840247536092,0
2023-07-28 15:01:51,658.7,384138,10,657.94,56821,145689,0.6494002597601038,0
2023-07-28 15:01:51,658.7,384138,10,657.94,56195,144869,0.6494002597601038,0
2023-07-28 15:01:51,658.2,384138,5,657.94,56195,144869,0.5730002292000916,0
2023-07-28 15:01:51,658.7,384138,1,657.94,56195,144869,0.6494002597601038,0
2023-07-28 15:01:57,658.7,384144,1,657.94,55015,144265,0.6494002597601038,0
2023-07-28 15:01:57,658.2,384144,2,657.94,55015,144265,0.5730002292000916,0
2023-07-28 15:01:57,658.5,384144,15,657.94,55015,144265,0.618840247536092,0
2023-07-28 15:02:01,658.5,384174,15,657.94,55000,144263,0.618840247536092,0
2023-07-28 15:02:01,658.2,384174,5,657.94,55000,144263,0.5730002292000916,0
2023-07-28 15:02:03,658.2,384187,5,657.94,55005,144395,0.5730002292000916,0
2023-07-28 15:02:03,658.2,384187,5,657.94,55058,144378,0.5730002292000916,0
2023-07-28 15:02:03,658.5,384187,1,657.94,55058,144378,0.618840247536092,0
2023-07-28 15:02:12,658.5,384189,1,657.94,55058,144429,0.618840247536092,0
2023-07-28 15:02:15,658.4,384202,13,657.94,55115,144438,0.6035602414240862,0
2023-07-28 15:02:15,658.4,384202,13,657.94,55115,144229,0.6035602414240862,0
2023-07-28 15:02:15,658.4,384202,13,657.94,55115,144208,0.6035602414240862,0
2023-07-28 15:02:15,658.4,384202,1,657.94,55115,144208,0.6035602414240862,0
2023-07-28 15:02:15,658.1,384202,62,657.94,55115,144208,0.5577202230880858,0
2023-07-28 15:02:24,658.1,384522,62,657.94,55331,144183,0.5577202230880858,0
2023-07-28 15:02:24,658.1,384522,64,657.94,55331,144183,0.5577202230880858,0
2023-07-28 15:02:26,658.1,384586,64,657.94,54338,144172,0.5577202230880858,0
2023-07-28 15:02:26,658.2,384586,2,657.94,54338,144172,0.5730002292000916,0
2023-07-28 15:02:29,658.4,384588,5,657.94,54921,144171,0.6035602414240862,0
2023-07-28 15:02:32,658.4,384593,5,657.94,54921,144166,0.6035602414240862,0
2023-07-28 15:02:32,658.4,384593,1,657.94,54921,144166,0.6035602414240862,0
2023-07-28 15:02:36,658.4,384594,1,657.94,54921,144135,0.6035602414240862,0
2023-07-28 15:02:36,658.1,384594,779,657.94,54921,144135,0.5577202230880858,0
2023-07-28 15:02:36,658.4,384594,1,657.94,54921,144135,0.6035602414240862,0
2023-07-28 15:02:44,658.4,385401,1,657.94,54288,143328,0.6035602414240862,0
2023-07-28 15:02:44,658.4,385401,1,657.94,54288,143363,0.6035602414240862,0
2023-07-28 15:02:44,658.4,385401,1,657.94,54288,143363,0.6035602414240862,0
2023-07-28 15:02:49,658.4,385402,1,657.94,54325,143468,0.6035602414240862,0
2023-07-28 15:02:49,658.1,385402,14,657.94,54325,143468,0.5577202230880858,0
2023-07-28 15:02:49,658.4,385402,5,657.94,54325,143468,0.6035602414240862,0
2023-07-28 15:02:52,658.4,385421,5,657.94,54276,143463,0.6035602414240862,0
2023-07-28 15:02:52,658.4,385421,5,657.94,54235,143183,0.6035602414240862,0
2023-07-28 15:02:52,658.1,385421,10,657.94,54235,143183,0.5577202230880858,0
2023-07-28 15:02:58,658.1,385431,10,657.94,54225,143161,0.5577202230880858,0
2023-07-28 15:02:58,658.4,385431,1,657.94,54225,143161,0.6035602414240862,0
2023-07-28 15:03:02,658.4,385432,1,657.94,53370,142278,0.6035602414240862,0
2023-07-28 15:03:02,658.1,385432,10,657.94,53370,142278,0.5577202230880858,0
2023-07-28 15:03:07,658.1,385462,10,657.94,53340,142278,0.5577202230880858,0
2023-07-28 15:03:07,658.3,385462,11,657.94,53340,142278,0.5882802353120802,0
2023-07-28 15:03:07,658.4,385462,7,657.94,53340,142278,0.6035602414240862,0
2023-07-28 15:03:07,658.4,385462,10,657.94,53340,142278,0.6035602414240862,0
2023-07-28 15:03:13,658.4,385543,1,657.94,53431,142212,0.6035602414240862,0
2023-07-28 15:03:18,658.1,385550,6,657.94,53425,142309,0.5577202230880858,0
2023-07-28 15:03:18,658.1,385550,36,657.94,53425,142309,0.5577202230880858,0
2023-07-28 15:03:20,658.4,385603,3,657.94,53375,142328,0.6035602414240862,0
2023-07-28 15:03:20,658.4,385603,60,657.94,53375,142328,0.6035602414240862,0
2023-07-28 15:03:20,658.4,385603,1,657.94,53375,142328,0.6035602414240862,0
2023-07-28 15:03:20,658.4,385603,30,657.94,53375,142328,0.6035602414240862,0
2023-07-28 15:03:24,658.4,385694,1,657.94,53750,142236,0.6035602414240862,0
2023-07-28 15:03:24,658.5,385694,10,657.94,53750,142236,0.618840247536092,0
2023-07-28 15:03:28,658.5,385706,1,657.94,53751,142221,0.618840247536092,0
2023-07-28 15:03:28,658.5,385706,1,657.94,53739,142221,0.618840247536092,0
2023-07-28 15:03:28,658.5,385706,8,657.94,53739,142221,0.618840247536092,0
2023-07-28 15:03:33,658.5,385714,8,657.94,53733,142203,0.618840247536092,0
2023-07-28 15:03:33,658.5,385714,8,657.94,53733,142218,0.618840247536092,0
2023-07-28 15:03:33,658.4,385714,3,657.94,53733,142218,0.6035602414240862,0
2023-07-28 15:03:33,658.4,385714,2,657.94,53733,142218,0.6035602414240862,0
2023-07-28 15:03:41,658.4,385720,2,657.94,53654,142242,0.6035602414240862,0
2023-07-28 15:03:41,658.4,385720,2,657.94,53518,142194,0.6035602414240862,0
2023-07-28 15:03:41,658.4,385720,2,657.94,53518,142294,0.6035602414240862,0
2023-07-28 15:03:41,658.4,385720,1,657.94,53518,142294,0.6035602414240862,0
2023-07-28 15:03:41,658.4,385720,9,657.94,53518,142294,0.6035602414240862,0
2023-07-28 15:03:41,658.2,385720,10,657.94,53518,142294,0.5730002292000916,0
2023-07-28 15:03:52,658.2,385773,10,657.94,53566,142305,0.5730002292000916,0
2023-07-28 15:03:52,658.2,385773,1,657.94,53566,142305,0.5730002292000916,0
2023-07-28 15:03:52,658.4,385773,1,657.94,53566,142305,0.6035602414240862,0
2023-07-28 15:03:56,658.0,386212,7,657.94,53532,142411,0.5424402169760798,0
2023-07-28 15:03:56,658.0,386212,48,657.94,53532,142411,0.5424402169760798,0
2023-07-28 15:03:56,658.0,386212,71,657.94,53532,142411,0.5424402169760798,0
2023-07-28 15:03:57,658.0,386339,71,657.94,53510,142330,0.5424402169760798,0
2023-07-28 15:03:57,658.45,386339,1,657.94,53510,142330,0.6112002444800978,0
2023-07-28 15:04:05,658.45,386340,1,657.94,53510,142329,0.6112002444800978,0
2023-07-28 15:04:05,658.45,386340,1,657.94,53510,142329,0.6112002444800978,0
2023-07-28 15:04:07,658.45,386341,1,657.94,53430,142328,0.6112002444800978,0
2023-07-28 15:04:07,658.45,386341,5,657.94,53430,142328,0.6112002444800978,0
2023-07-28 15:04:10,658.45,386346,5,657.94,53252,142339,0.6112002444800978,0
2023-07-28 15:04:10,658.45,386346,2,657.94,53252,142339,0.6112002444800978,0
2023-07-28 15:04:10,658.45,386346,31,657.94,53252,142339,0.6112002444800978,0
2023-07-28 15:04:16,658.45,386379,31,657.94,53312,142285,0.6112002444800978,0
2023-07-28 15:04:20,658.45,386380,1,657.94,53372,142284,0.6112002444800978,0
2023-07-28 15:04:20,658.5,386380,30,657.94,53372,142284,0.618840247536092,0
2023-07-28 15:04:22,658.5,386465,30,657.94,53441,142199,0.618840247536092,0
2023-07-28 15:04:22,658.5,386465,1,657.94,53441,142199,0.618840247536092,0
2023-07-28 15:04:25,658.5,386466,1,657.94,53617,142197,0.618840247536092,0
2023-07-28 15:04:25,658.0,386466,4,657.94,53617,142197,0.5424402169760798,0
2023-07-28 15:04:28,658.0,386470,4,657.94,53613,142197,0.5424402169760798,0
2023-07-28 15:04:28,658.5,386470,1,657.94,53613,142197,0.618840247536092,0
2023-07-28 15:04:28,658.0,386470,13,657.94,53613,142197,0.5424402169760798,0
2023-07-28 15:04:33,658.0,386535,13,657.94,53838,141963,0.5424402169760798,0
2023-07-28 15:04:33,658.0,386535,13,657.94,53428,141963,0.5424402169760798,0
2023-07-28 15:04:33,658.0,386535,13,657.94,53428,142008,0.5424402169760798,0
2023-07-28 15:04:33,657.95,386535,6,657.94,53428,142008,0.5348002139200855,0
2023-07-28 15:04:44,657.95,386591,33,657.94,53163,142150,0.5348002139200855,0
2023-07-28 15:04:44,657.95,386591,9,657.94,53163,142150,0.5348002139200855,0
2023-07-28 15:04:44,658.45,386591,1,657.94,53163,142150,0.6112002444800978,0
2023-07-28 15:04:46,658.45,386601,1,657.94,53120,142075,0.6112002444800978,0
2023-07-28 15:04:46,658.45,386601,1,657.94,53159,142100,0.6112002444800978,0
2023-07-28 15:04:46,658.0,386601,2,657.94,53159,142100,0.5424402169760798,0
2023-07-28 15:04:54,658.45,386626,8,657.94,53142,142122,0.6112002444800978,0
2023-07-28 15:04:54,658.35,386626,27,657.94,53142,142122,0.5959202383680918,0
2023-07-28 15:04:58,658.35,386703,27,657.94,53140,142180,0.5959202383680918,0
2023-07-28 15:04:58,658.35,386703,1,657.94,53140,142180,0.5959202383680918,0
2023-07-28 15:04:58,657.95,386703,10,657.94,53140,142180,0.5348002139200855,0
2023-07-28 15:04:58,658.4,386703,10,657.94,53140,142180,0.6035602414240862,0
2023-07-28 15:05:01,658.4,386725,10,657.94,53110,141907,0.6035602414240862,0
2023-07-28 15:05:01,658.45,386725,7,657.94,53110,141907,0.6112002444800978,0
2023-07-28 15:05:01,658.4,386725,16,657.94,53110,141907,0.6035602414240862,0
2023-07-28 15:05:06,658.45,386885,2,657.94,53413,141494,0.6112002444800978,0
2023-07-28 15:05:06,658.45,386885,2,657.94,53368,141451,0.6112002444800978,0
2023-07-28 15:05:06,658.5,386885,1,657.94,53368,141451,0.618840247536092,0
2023-07-28 15:05:12,658.5,386886,1,657.94,53261,141522,0.618840247536092,0
2023-07-28 15:05:12,658.4,386886,8,657.94,53261,141522,0.6035602414240862,0
2023-07-28 15:05:12,658.4,386886,9,657.94,53261,141522,0.6035602414240862,0
2023-07-28 15:05:12,658.4,386886,3,657.94,53261,141522,0.6035602414240862,0
2023-07-28 15:05:19,658.4,387023,3,657.94,53281,141411,0.6035602414240862,0
2023-07-28 15:05:19,658.05,387023,10,657.94,53281,141411,0.5500802200320741,0
2023-07-28 15:05:23,658.05,387033,10,657.94,53195,141308,0.5500802200320741,0
2023-07-28 15:05:23,658.05,387033,10,657.94,53195,141308,0.5500802200320741,0
2023-07-28 15:05:25,658.05,387044,10,657.94,53198,141040,0.5500802200320741,0
2023-07-28 15:05:25,658.05,387044,10,657.94,52770,140755,0.5500802200320741,0
2023-07-28 15:05:25,658.3,387044,2,657.94,52770,140755,0.5882802353120802,0
2023-07-28 15:05:25,658.05,387044,1,657.94,52770,140755,0.5500802200320741,0
2023-07-28 15:05:37,658.05,387057,1,657.94,52657,140758,0.5500802200320741,0
2023-07-28 15:05:37,658.3,387057,1,657.94,52657,140758,0.5882802353120802,0
2023-07-28 15:05:37,658.05,387057,3,657.94,52657,140758,0.5500802200320741,0
2023-07-28 15:05:39,658.05,387061,3,657.94,52702,140465,0.5500802200320741,0
2023-07-28 15:05:39,658.05,387061,14,657.94,52702,140465,0.5500802200320741,0
2023-07-28 15:05:39,658.3,387061,2,657.94,52702,140465,0.5882802353120802,0
2023-07-28 15:05:46,658.3,387080,2,657.94,53013,140329,0.5882802353120802,0
2023-07-28 15:05:46,658.3,387080,1,657.94,53013,140329,0.5882802353120802,0
2023-07-28 15:05:46,658.05,387080,3,657.94,53013,140329,0.5500802200320741,0
2023-07-28 15:05:46,658.05,387080,1,657.94,53013,140329,0.5500802200320741,0
2023-07-28 15:05:57,658.05,387085,1,657.94,53047,140308,0.5500802200320741,0
2023-07-28 15:05:57,658.05,387085,1,657.94,53046,140327,0.5500802200320741,0
2023-07-28 15:05:57,658.3,387085,5,657.94,53046,140327,0.5882802353120802,0
2023-07-28 15:05:57,657.8,387085,30,657.94,53046,140327,0.511880204752068,0
2023-07-28 15:06:04,658.25,387888,1,657.94,52336,140375,0.580640232256086,0
2023-07-28 15:06:04,658.05,387888,1,657.94,52336,140375,0.5500802200320741,0
2023-07-28 15:06:04,658.4,387888,11,657.94,52336,140375,0.6035602414240862,0
2023-07-28 15:06:07,658.4,387986,11,657.94,52605,140175,0.6035602414240862,0
2023-07-28 15:06:11,658.4,387987,1,657.94,52670,140169,0.6035602414240862,0
2023-07-28 15:06:11,658.4,387987,1,657.94,52533,140054,0.6035602414240862,0
2023-07-28 15:06:17,658.4,387988,1,657.94,52357,139864,0.6035602414240862,0
2023-07-28 15:06:17,658.4,387988,2,657.94,52357,139864,0.6035602414240862,0
2023-07-28 15:06:18,658.4,387990,2,657.94,52357,139897,0.6035602414240862,0
2023-07-28 15:06:26,658.4,387992,2,657.94,52357,139896,0.6035602414240862,0
2023-07-28 15:06:26,658.4,387992,10,657.94,52357,139896,0.6035602414240862,0
2023-07-28 15:06:26,658.35,387992,5,657.94,52357,139896,0.5959202383680918,0
2023-07-28 15:06:28,658.35,388308,5,657.94,52375,139939,0.5959202383680918,0
2023-07-28 15:06:28,658.35,388308,2,657.94,52375,139939,0.5959202383680918,0
2023-07-28 15:06:28,658.4,388308,5,657.94,52375,139939,0.6035602414240862,0
2023-07-28 15:06:32,658.05,388346,16,657.94,52360,139879,0.5500802200320741,0
2023-07-28 15:06:32,658.05,388346,16,657.94,52360,139856,0.5500802200320741,0
2023-07-28 15:06:32,658.05,388346,16,657.94,52360,139856,0.5500802200320741,0
2023-07-28 15:06:32,658.4,388346,40,657.94,52360,139856,0.6035602414240862,0
2023-07-28 15:06:40,658.4,388513,40,657.94,52395,139689,0.6035602414240862,0
2023-07-28 15:06:40,658.4,388513,1,657.94,52395,139689,0.6035602414240862,0
2023-07-28 15:06:40,658.7,388513,100,657.94,52395,139689,0.6494002597601038,0
2023-07-28 15:06:44,658.7,389911,100,657.95,52307,138224,0.6494002597601038,0
2023-07-28 15:06:44,658.4,389911,20,657.95,52307,138224,0.6035602414240862,0
2023-07-28 15:06:50,658.4,389931,20,657.95,52286,138224,0.6035602414240862,0
2023-07-28 15:06:50,659.0,389931,1,657.95,52286,138224,0.6952402780961042,0
2023-07-28 15:06:50,658.55,389931,1,657.95,52286,138224,0.6264802505920863,0
2023-07-28 15:06:50,658.35,389931,1,657.95,52286,138224,0.5959202383680918,0
2023-07-28 15:06:50,659.0,389931,7,657.95,52286,138224,0.6952402780961042,0
2023-07-28 15:07:01,659.0,390099,48,657.95,52368,138088,0.6952402780961042,0
2023-07-28 15:07:01,658.0,390099,3,657.95,52368,138088,0.5424402169760798,0
2023-07-28 15:07:03,658.0,390913,3,657.95,51862,138641,0.5424402169760798,0
2023-07-28 15:07:07,658.0,390923,10,657.95,51717,138898,0.5424402169760798,0
2023-07-28 15:07:07,658.6,390923,3,657.95,51717,138898,0.634120253648098,0
2023-07-28 15:07:07,658.6,390923,1,657.95,51717,138898,0.634120253648098,0
2023-07-28 15:07:07,658.65,390923,10,657.95,51717,138898,0.6417602567040922,0
2023-07-28 15:07:11,658.65,390972,10,657.95,51975,138419,0.6417602567040922,0
2023-07-28 15:07:11,658.65,390972,10,657.95,52043,138362,0.6417602567040922,0
2023-07-28 15:07:11,658.8,390972,4,657.95,52043,138362,0.6646802658720924,0
2023-07-28 15:07:11,658.1,390972,5,657.95,52043,138362,0.5577202230880858,0
2023-07-28 15:07:11,658.8,390972,8,657.95,52043,138362,0.6646802658720924,0
2023-07-28 15:07:21,658.2,390998,3,657.95,51938,138554,0.5730002292000916,0
2023-07-28 15:07:21,658.8,390998,1,657.95,51938,138554,0.6646802658720924,0
2023-07-28 15:07:21,658.2,390998,1,657.95,51938,138554,0.5730002292000916,0
2023-07-28 15:07:21,658.85,390998,35,657.95,51938,138554,0.672320268928104,0
2023-07-28 15:07:24,658.85,391224,35,657.95,52006,138690,0.672320268928104,0
2023-07-28 15:07:24,658.85,391224,35,657.95,51990,138701,0.672320268928104,0
2023-07-28 15:07:33,658.75,391237,13,657.95,52006,138688,0.6570402628160982,0
2023-07-28 15:07:33,658.75,391237,1,657.95,52006,138688,0.6570402628160982,0
2023-07-28 15:07:33,658.85,391237,58,657.95,52006,138688,0.672320268928104,0
2023-07-28 15:07:37,658.85,391338,7,657.95,52164,138616,0.672320268928104,0
2023-07-28 15:07:38,658.85,391345,7,657.95,52164,138539,0.672320268928104,0
2023-07-28 15:07:38,658.85,391345,1,657.95,52164,138539,0.672320268928104,0
2023-07-28 15:07:41,658.85,391346,1,657.95,52163,138689,0.672320268928104,0
2023-07-28 15:07:48,658.85,391347,1,657.95,52248,138688,0.672320268928104,0
2023-07-28 15:07:48,658.7,391347,5,657.95,52272,138727,0.6494002597601038,0
2023-07-28 15:07:48,658.3,391347,5,657.95,52272,138727,0.5882802353120802,0
2023-07-28 15:07:52,658.3,391387,5,657.95,52629,138727,0.5882802353120802,0
2023-07-28 15:07:52,658.3,391387,5,657.95,52590,138541,0.5882802353120802,0
2023-07-28 15:07:52,658.85,391387,1,657.95,52590,138541,0.672320268928104,0
2023-07-28 15:07:52,658.85,391387,1,657.95,52590,138541,0.672320268928104,0
2023-07-28 15:08:01,658.85,391417,1,657.95,52608,138511,0.672320268928104,0
2023-07-28 15:08:08,658.85,391467,48,657.95,52608,138589,0.672320268928104,0
2023-07-28 15:08:08,658.35,391467,46,657.95,52608,138589,0.5959202383680918,0
2023-07-28 15:08:08,658.85,391467,1,657.95,52608,138589,0.672320268928104,0
2023-07-28 15:08:10,658.85,391514,1,657.95,52562,138588,0.672320268928104,0
2023-07-28 15:08:10,658.85,391514,1,657.95,52562,138588,0.672320268928104,0
2023-07-28 15:08:10,658.85,391514,65,657.95,52562,138588,0.672320268928104,0
2023-07-28 15:08:15,658.85,391580,65,657.95,52658,138622,0.672320268928104,0
2023-07-28 15:08:15,658.0,391580,267,657.95,52658,138622,0.5424402169760798,0
2023-07-28 15:08:15,658.0,391580,3,657.95,52658,138622,0.5424402169760798,0
2023-07-28 15:08:17,658.0,392872,3,657.95,51564,139335,0.5424402169760798,0
2023-07-28 15:08:17,658.0,392872,3,657.95,51640,139390,0.5424402169760798,0
2023-07-28 15:08:17,658.0,392872,3,657.95,51641,139193,0.5424402169760798,0
2023-07-28 15:08:17,658.0,392872,2,657.95,51641,139193,0.5424402169760798,0
2023-07-28 15:08:17,658.4,392872,6,657.95,51641,139193,0.6035602414240862,0
2023-07-28 15:08:17,658.35,392872,1,657.95,51641,139193,0.5959202383680918,0
2023-07-28 15:08:28,658.45,393024,56,657.95,51962,138915,0.6112002444800978,0
2023-07-28 15:08:28,658.45,393024,56,657.95,51653,138865,0.6112002444800978,0
2023-07-28 15:08:35,658.45,393034,10,657.95,51778,138855,0.6112002444800978,0
2023-07-28 15:08:35,658.65,393034,24,657.95,51778,138855,0.6417602567040922,0
2023-07-28 15:08:35,658.65,393173,24,657.95,51852,138304,0.6417602567040922,0
2023-07-28 15:08:35,658.8,393173,1,657.95,51852,138304,0.6646802658720924,0
2023-07-28 15:08:40,658.5,393194,20,657.95,51810,138390,0.618840247536092,0
2023-07-28 15:08:40,658.8,393194,3,657.95,51810,138390,0.6646802658720924,0
2023-07-28 15:08:43,658.8,393197,1,657.95,51810,138587,0.6646802658720924,0
2023-07-28 15:08:44,658.8,393198,1,657.95,51850,138556,0.6646802658720924,0
2023-07-28 15:08:44,658.5,393198,2,657.95,51850,138556,0.618840247536092,0
2023-07-28 15:08:50,658.5,393200,2,657.95,52077,138581,0.618840247536092,0
2023-07-28 15:08:50,658.8,393200,1,657.95,52077,138581,0.6646802658720924,0
2023-07-28 15:08:50,658.5,393200,11,657.95,52077,138581,0.618840247536092,0
2023-07-28 15:08:53,658.5,393212,11,657.95,52089,138580,0.618840247536092,0
2023-07-28 15:08:53,658.85,393212,58,657.95,52089,138580,0.672320268928104,0
2023-07-28 15:08:53,658.85,393212,48,657.95,52089,138580,0.672320268928104,0
2023-07-28 15:08:56,658.85,393400,1,657.95,52134,138392,0.672320268928104,0
2023-07-28 15:08:57,658.85,393401,1,657.95,52134,138401,0.672320268928104,0
2023-07-28 15:08:57,658.5,393401,1,657.95,52134,138401,0.618840247536092,0
2023-07-28 15:08:57,658.8,393401,9,657.95,52134,138401,0.6646802658720924,0
2023-07-28 15:09:06,658.8,393412,9,657.95,52107,138381,0.6646802658720924,0
2023-07-28 15:09:06,658.5,393412,10,657.95,52107,138381,0.618840247536092,0
2023-07-28 15:09:06,658.5,393412,20,657.95,52107,138381,0.618840247536092,0
2023-07-28 15:09:08,658.5,393442,20,657.95,52187,138421,0.618840247536092,0
2023-07-28 15:09:08,658.5,393442,10,657.95,52187,138421,0.618840247536092,0
2023-07-28 15:09:12,658.85,393453,1,657.95,52172,138372,0.672320268928104,0
2023-07-28 15:09:12,658.5,393453,16,657.95,52172,138372,0.618840247536092,0
2023-07-28 15:09:12,659.0,393453,44,657.95,52172,138372,0.6952402780961042,0
2023-07-28 15:09:15,659.0,393697,44,657.95,51656,138272,0.6952402780961042,0
2023-07-28 15:09:19,658.3,393698,133,657.95,51617,138264,0.5882802353120802,0
2023-07-28 15:09:19,658.3,393971,133,657.95,51418,138758,0.5882802353120802,0
2023-07-28 15:09:19,658.3,393971,133,657.95,51418,138758,0.5882802353120802,0
2023-07-28 15:09:19,658.3,393971,133,657.95,51418,138608,0.5882802353120802,0
2023-07-28 15:09:19,658.3,393971,16,657.95,51418,138608,0.5882802353120802,0
2023-07-28 15:09:32,658.3,394008,3,657.95,51357,138477,0.5882802353120802,0
2023-07-28 15:09:32,658.85,394008,20,657.95,51357,138477,0.672320268928104,0
2023-07-28 15:09:33,658.85,394028,20,657.95,51349,138254,0.672320268928104,0
2023-07-28 15:09:33,658.3,394028,3,657.95,51349,138254,0.5882802353120802,0
2023-07-28 15:09:37,658.7,394134,2,657.95,50782,138435,0.6494002597601038,0
2023-07-28 15:09:40,658.7,394136,2,657.95,50792,138434,0.6494002597601038,0
2023-07-28 15:09:40,658.7,394136,1,657.95,50792,138434,0.6494002597601038,0
2023-07-28 15:09:40,658.25,394136,23,657.95,50792,138434,0.580640232256086,0
2023-07-28 15:09:46,658.25,394162,23,657.95,50050,137940,0.580640232256086,0
2023-07-28 15:09:46,658.7,394162,2,657.95,50050,137940,0.6494002597601038,0
2023-07-28 15:09:46,658.7,394162,14,657.95,50050,137940,0.6494002597601038,0
2023-07-28 15:09:46,658.25,394162,20,657.95,50050,137940,0.580640232256086,0
2023-07-28 15:09:49,658.25,394198,18,657.95,50013,138111,0.580640232256086,0
2023-07-28 15:09:51,658.25,394216,18,657.95,49993,138239,0.580640232256086,0
2023-07-28 15:09:51,658.3,394216,1,657.95,49993,138239,0.5882802353120802,0
2023-07-28 15:09:51,658.3,394216,2,657.95,49993,138239,0.5882802353120802,0
2023-07-28 15:09:58,658.3,394219,2,657.95,49993,138236,0.5882802353120802,0
2023-07-28 15:09:58,658.3,394219,97,657.95,49993,138236,0.5882802353120802,0
2023-07-28 15:09:58,658.0,394219,4,657.95,49993,138236,0.5424402169760798,0
2023-07-28 15:10:02,658.0,394376,4,657.95,50168,137971,0.5424402169760798,0
2023-07-28 15:10:02,658.1,394376,1,657.95,50168,137971,0.5577202230880858,0
2023-07-28 15:10:02,658.1,394376,1,657.95,50168,137971,0.5577202230880858,0
2023-07-28 15:10:02,658.65,394376,10,657.95,50168,137971,0.6417602567040922,0
2023-07-28 15:10:02,658.05,394376,25,657.95,50168,137971,0.5500802200320741,0
2023-07-28 15:10:07,658.6,394640,2,657.95,49971,138104,0.634120253648098,0
2023-07-28 15:10:11,658.65,394641,1,657.95,50108,137960,0.6417602567040922,0
2023-07-28 15:10:11,658.3,394641,6,657.95,50108,137960,0.5882802353120802,0
2023-07-28 15:10:11,658.05,394641,12,657.95,50108,137960,0.5500802200320741,0
2023-07-28 15:10:13,658.05,394747,12,657.95,50113,137953,0.5500802200320741,0
2023-07-28 15:10:13,658.1,394747,10,657.95,50113,137953,0.5577202230880858,0
2023-07-28 15:10:14,658.1,394757,10,657.95,50103,137953,0.5577202230880858,0
2023-07-28 15:10:14,658.1,394757,10,657.95,50197,138057,0.5577202230880858,0
2023-07-28 15:10:14,658.1,394757,10,657.95,50197,138057,0.5577202230880858,0
2023-07-28 15:10:14,658.6,394757,1,657.95,50197,138057,0.634120253648098,0
2023-07-28 15:10:24,658.6,394758,1,657.95,50211,138031,0.634120253648098,0
2023-07-28 15:10:24,658.55,394758,20,657.95,50211,138031,0.6264802505920863,0
2023-07-28 15:10:30,658.55,394778,20,657.95,50110,138196,0.6264802505920863,0
2023-07-28 15:10:30,658.55,394778,20,657.95,50105,138296,0.6264802505920863,0
2023-07-28 15:10:30,658.0,394778,34,657.95,50105,138296,0.5424402169760798,0
2023-07-28 15:10:37,658.5,395366,1,657.95,49476,138466,0.618840247536092,0
2023-07-28 15:10:37,658.5,395366,1,657.95,49476,138466,0.618840247536092,0
2023-07-28 15:10:37,658.5,395366,1,657.95,49488,138466,0.618840247536092,0
2023-07-28 15:10:37,658.5,395366,1,657.95,52488,138520,0.618840247536092,0
2023-07-28 15:10:37,658.5,395366,1,657.95,52488,138520,0.618840247536092,0
2023-07-28 15:10:37,658.5,395366,1,657.95,52488,138520,0.618840247536092,0
2023-07-28 15:10:50,658.5,395467,1,657.95,52488,138419,0.618840247536092,0
2023-07-28 15:10:50,658.0,395467,16,657.95,52488,138419,0.5424402169760798,0
2023-07-28 15:10:53,658.0,395816,16,657.95,51963,138480,0.5424402169760798,0
2023-07-28 15:10:53,657.8,395816,37,657.95,51963,138480,0.511880204752068,0
2023-07-28 15:10:58,658.0,396067,141,657.95,52103,138132,0.5424402169760798,0
2023-07-28 15:10:58,658.55,396067,4,657.95,52103,138132,0.6264802505920863,0
2023-07-28 15:11:00,658.55,396207,4,657.95,52058,138103,0.6264802505920863,0
2023-07-28 15:11:00,658.5,396207,1,657.95,52058,138103,0.618840247536092,0
2023-07-28 15:11:03,658.5,396208,1,657.95,52062,138032,0.618840247536092,0
2023-07-28 15:11:03,658.5,396208,1,657.95,52305,138032,0.618840247536092,0
2023-07-28 15:11:03,658.5,396208,1,657.95,52361,138032,0.618840247536092,0
2023-07-28 15:11:03,658.5,396208,1,657.95,52351,137978,0.618840247536092,0
2023-07-28 15:11:03,658.5,396208,1,657.95,52351,137978,0.618840247536092,0
2023-07-28 15:11:03,658.05,396208,3,657.95,52351,137978,0.5500802200320741,0
2023-07-28 15:11:17,658.05,396212,3,657.95,52214,137947,0.5500802200320741,0
2023-07-28 15:11:17,658.05,396212,3,657.95,52274,137997,0.5500802200320741,0
2023-07-28 15:11:17,658.05,396212,3,657.95,52176,138074,0.5500802200320741,0
2023-07-28 15:11:17,658.05,396212,3,657.95,52232,138074,0.5500802200320741,0
2023-07-28 15:11:17,658.5,396212,1,657.95,52232,138074,0.618840247536092,0
2023-07-28 15:11:17,658.15,396212,1,657.95,52232,138074,0.56536022614408,0
2023-07-28 15:11:17,658.55,396212,1,657.95,52232,138074,0.6264802505920863,0
2023-07-28 15:11:29,658.55,396314,1,657.95,52320,137974,0.6264802505920863,0
2023-07-28 15:11:29,658.55,396314,100,657.95,52320,137974,0.6264802505920863,0
2023-07-28 15:11:31,658.55,396437,100,657.95,52345,137835,0.6264802505920863,0
2023-07-28 15:11:36,658.15,396537,42,657.95,52247,137845,0.56536022614408,0
2023-07-28 15:11:38,658.15,396538,1,657.95,52246,137845,0.56536022614408,0
2023-07-28 15:11:38,658.65,396538,1,657.95,52246,137845,0.6417602567040922,0
2023-07-28 15:11:41,658.6,396542,3,657.95,52231,137926,0.634120253648098,0
2023-07-28 15:11:41,658.15,396542,5,657.95,52231,137926,0.56536022614408,0
2023-07-28 15:11:43,658.1,396658,6,657.95,52171,138266,0.5577202230880858,0
2023-07-28 15:11:43,658.15,396658,16,657.95,52171,138266,0.56536022614408,0
2023-07-28 15:11:43,658.15,396658,5,657.95,52171,138266,0.56536022614408,0
2023-07-28 15:11:43,658.45,396658,15,657.95,52171,138266,0.6112002444800978,0
2023-07-28 15:11:46,658.45,396697,15,657.95,52174,138228,0.6112002444800978,0
2023-07-28 15:11:49,658.45,396717,3,657.95,52202,137908,0.6112002444800978,0
2023-07-28 15:11:49,658.1,396717,16,657.95,52202,137908,0.5577202230880858,0
2023-07-28 15:11:50,658.1,396737,16,657.95,52185,137963,0.5577202230880858,0
2023-07-28 15:11:50,658.1,396737,16,657.95,52185,137963,0.5577202230880858,0
2023-07-28 15:11:50,658.6,396737,1,657.95,52185,137963,0.634120253648098,0
2023-07-28 15:11:55,658.6,396738,1,657.95,52185,137988,0.634120253648098,0
2023-07-28 15:11:55,658.45,396738,2,657.95,52185,137988,0.6112002444800978,0
2023-07-28 15:11:55,658.6,396738,10,657.95,52185,137988,0.634120253648098,0
2023-07-28 15:11:59,658.6,396758,3,657.95,52220,137920,0.634120253648098,0
2023-07-28 15:11:59,658.6,396758,3,657.95,52024,138110,0.634120253648098,0
2023-07-28 15:11:59,658.1,396758,4,657.95,52024,138110,0.5577202230880858,0
2023-07-28 15:11:59,658.55,396758,2,657.95,52024,138110,0.6264802505920863,0
2023-07-28 15:12:05,658.55,396765,2,657.95,52033,138108,0.6264802505920863,0
2023-07-28 15:12:05,658.55,396765,5,657.95,52033,138108,0.6264802505920863,0
2023-07-28 15:12:08,658.5,396781,1,657.95,52028,138134,0.618840247536092,0
2023-07-28 15:12:08,658.1,396781,1,657.95,52028,138134,0.5577202230880858,0
2023-07-28 15:12:08,658.1,396781,10,657.95,52028,138134,0.5577202230880858,0
2023-07-28 15:12:11,658.1,396813,10,657.95,52016,138188,0.5577202230880858,0
2023-07-28 15:12:14,658.1,396833,10,657.95,52017,138188,0.5577202230880858,0
2023-07-28 15:12:14,658.45,396833,10,657.95,52017,138188,0.6112002444800978,0
2023-07-28 15:12:16,658.45,396843,10,657.95,52056,138227,0.6112002444800978,0
2023-07-28 15:12:16,658.1,396843,1,657.95,52056,138227,0.5577202230880858,0
2023-07-28 15:12:18,658.1,396864,1,657.95,52030,138290,0.5577202230880858,0
2023-07-28 15:12:18,658.1,396864,16,657.95,52030,138290,0.5577202230880858,0
2023-07-28 15:12:21,658.1,396881,16,657.95,52030,138273,0.5577202230880858,0
2023-07-28 15:12:21,658.1,396881,16,657.95,52030,141273,0.5577202230880858,0
2023-07-28 15:12:21,658.1,396881,58,657.95,52030,141273,0.5577202230880858,0
2023-07-28 15:12:27,658.0,397015,45,657.95,52120,141238,0.5424402169760798,0
2023-07-28 15:12:27,658.05,397015,14,657.95,52120,141238,0.5500802200320741,0
2023-07-28 15:12:29,658.05,397030,14,657.95,51973,141078,0.5500802200320741,0
2023-07-28 15:12:29,658.0,397030,50,657.95,51973,141078,0.5424402169760798,0
2023-07-28 15:12:34,658.0,397273,16,657.95,51772,141230,0.5424402169760798,0
2023-07-28 15:12:34,658.0,397273,30,657.95,51772,141230,0.5424402169760798,0
2023-07-28 15:12:35,658.0,397303,30,657.95,51872,141250,0.5424402169760798,0
2023-07-28 15:12:35,657.9,397303,1,657.95,51872,141250,0.5271602108640739,0
2023-07-28 15:12:35,657.9,397303,18,657.95,51872,141250,0.5271602108640739,0
2023-07-28 15:12:35,657.9,397303,16,657.95,51872,141250,0.5271602108640739,0
2023-07-28 15:12:38,657.9,397405,16,657.95,51884,141659,0.5271602108640739,0
2023-07-28 15:12:38,657.9,397405,2,657.95,51884,141659,0.5271602108640739,0
2023-07-28 15:12:43,657.9,397407,2,657.95,51884,141671,0.5271602108640739,0
2023-07-28 15:12:43,657.9,397407,2,657.95,51884,141682,0.5271602108640739,0
2023-07-28 15:12:43,657.9,397407,1,657.95,51884,141682,0.5271602108640739,0
2023-07-28 15:12:47,657.9,397408,1,657.95,51884,141687,0.5271602108640739,0
2023-07-28 15:12:47,657.9,397408,10,657.95,51884,141687,0.5271602108640739,0
2023-07-28 15:12:50,657.9,397439,10,657.95,51845,141111,0.5271602108640739,0
2023-07-28 15:12:50,657.9,397439,10,657.95,51845,141161,0.5271602108640739,0
2023-07-28 15:12:57,657.9,397499,17,657.95,51773,141162,0.5271602108640739,0
2023-07-28 15:12:57,657.9,397499,6,657.95,51773,141162,0.5271602108640739,0
2023-07-28 15:13:00,657.9,397513,1,657.95,51889,141179,0.5271602108640739,0
2023-07-28 15:13:00,658.0,397513,12,657.95,51889,141179,0.5424402169760798,0
2023-07-28 15:13:01,658.0,397613,12,657.95,51518,141058,0.5424402169760798,0
2023-07-28 15:13:01,657.8,397613,5,657.95,51518,141058,0.511880204752068,0
2023-07-28 15:13:01,657.8,397613,1,657.95,51518,141058,0.511880204752068,0
2023-07-28 15:13:01,658.0,397613,10,657.95,51518,141058,0.5424402169760798,0
2023-07-28 15:13:10,658.0,397948,10,657.95,51992,141093,0.5424402169760798,0
2023-07-28 15:13:10,658.0,397948,60,657.95,51992,141093,0.5424402169760798,0
2023-07-28 15:13:10,658.0,397948,2,657.95,51992,141093,0.5424402169760798,0
2023-07-28 15:13:13,658.0,398100,2,657.95,51992,140905,0.5424402169760798,0
2023-07-28 15:13:13,657.9,398100,3,657.95,51992,140905,0.5271602108640739,0
2023-07-28 15:13:13,657.8,398100,4,657.95,51992,140905,0.511880204752068,0
2023-07-28 15:13:17,657.8,398108,4,657.95,52088,141016,0.511880204752068,0
2023-07-28 15:13:17,658.0,398108,6,657.95,52088,141016,0.5424402169760798,0
2023-07-28 15:13:21,658.0,398114,6,657.95,52120,141010,0.5424402169760798,0
2023-07-28 15:13:21,657.65,398114,2,657.95,52120,141010,0.4889601955840678,0
2023-07-28 15:13:26,657.8,398250,1,657.95,51997,141197,0.511880204752068,0
2023-07-28 15:13:29,657.65,398253,3,657.95,51994,141197,0.4889601955840678,0
2023-07-28 15:13:29,657.8,398253,15,657.95,51994,141197,0.511880204752068,0
2023-07-28 15:13:30,657.8,398268,15,657.95,51994,141182,0.511880204752068,0
2023-07-28 15:13:30,657.8,398268,35,657.95,51994,141182,0.511880204752068,0
2023-07-28 15:13:34,657.8,398303,35,657.95,52005,141141,0.511880204752068,0
2023-07-28 15:13:37,657.6,398360,38,657.95,51954,141141,0.4813201925280735,0
2023-07-28 15:13:37,657.8,398360,1,657.95,51954,141141,0.511880204752068,0
2023-07-28 15:13:39,657.8,398361,1,657.95,51944,141140,0.511880204752068,0
2023-07-28 15:13:39,657.8,398361,1,657.95,51944,141140,0.511880204752068,0
2023-07-28 15:13:39,657.55,398361,35,657.95,51944,141140,0.47368018947206186,0
2023-07-28 15:13:42,657.55,398491,35,657.95,51859,141118,0.47368018947206186,0
2023-07-28 15:13:42,657.8,398491,5,657.95,51859,141118,0.511880204752068,0
2023-07-28 15:13:44,657.8,398506,10,657.95,51844,141022,0.511880204752068,0
2023-07-28 15:13:46,657.8,398516,10,657.95,51858,141122,0.511880204752068,0
2023-07-28 15:13:52,658.0,398517,1,657.95,51868,141121,0.5424402169760798,0
2023-07-28 15:13:52,657.8,398517,1,657.95,51868,141121,0.511880204752068,0
2023-07-28 15:13:55,657.8,398587,1,657.95,51806,141428,0.511880204752068,0
2023-07-28 15:13:55,657.8,398587,1,657.95,51806,141428,0.511880204752068,0
2023-07-28 15:13:55,657.8,398587,1,657.95,51806,141417,0.511880204752068,0
2023-07-28 15:13:55,657.5,398587,12,657.95,51806,141417,0.4660401864160676,0
2023-07-28 15:13:58,657.5,398612,12,657.95,52000,141332,0.4660401864160676,0
2023-07-28 15:13:58,657.95,398612,1,657.95,52000,141332,0.5348002139200855,0
2023-07-28 15:14:03,657.55,398614,1,657.95,51816,141318,0.47368018947206186,0
2023-07-28 15:14:03,657.95,398614,50,657.95,51816,141318,0.5348002139200855,0
2023-07-28 15:14:03,657.95,398614,1,657.95,51816,141318,0.5348002139200855,0
2023-07-28 15:14:06,657.95,398697,32,657.95,51880,141299,0.5348002139200855,0
2023-07-28 15:14:06,657.95,398697,32,657.95,51880,141299,0.5348002139200855,0
2023-07-28 15:14:06,657.95,398697,5,657.95,51880,141299,0.5348002139200855,0
2023-07-28 15:14:06,657.95,398697,20,657.95,51880,141299,0.5348002139200855,0
2023-07-28 15:14:10,657.95,398722,20,657.95,51840,141274,0.5348002139200855,0
2023-07-28 15:14:10,657.95,398722,1,657.95,51840,141274,0.5348002139200855,0
2023-07-28 15:14:18,657.95,398723,1,657.95,52040,141284,0.5348002139200855,0
2023-07-28 15:14:18,657.95,398723,1,657.95,52040,141284,0.5348002139200855,0
2023-07-28 15:14:23,657.95,398724,1,657.95,52040,141283,0.5348002139200855,0
2023-07-28 15:14:23,657.95,398724,2,657.95,52040,141283,0.5348002139200855,0
2023-07-28 15:14:25,657.95,398727,2,657.95,52039,141281,0.5348002139200855,0
2023-07-28 15:14:25,657.95,398727,4,657.95,52039,141281,0.5348002139200855,0
2023-07-28 15:14:28,657.95,398731,4,657.95,52045,141295,0.5348002139200855,0
2023-07-28 15:14:28,657.95,398731,1,657.95,52045,141295,0.5348002139200855,0
2023-07-28 15:14:28,657.5,398731,17,657.95,52045,141295,0.4660401864160676,0
2023-07-28 15:14:32,657.5,398772,17,657.95,52079,141374,0.4660401864160676,0
2023-07-28 15:14:32,657.5,398772,17,657.95,52079,141374,0.4660401864160676,0
2023-07-28 15:14:32,657.95,398772,5,657.95,52079,141374,0.5348002139200855,0
2023-07-28 15:14:37,657.95,398788,5,657.95,52062,141332,0.5348002139200855,0
2023-07-28 15:14:40,657.95,398873,75,657.95,52066,141247,0.5348002139200855,0
2023-07-28 15:14:40,657.55,398873,2,657.95,52066,141247,0.47368018947206186,0
2023-07-28 15:14:42,657.3,398886,22,657.95,52049,141271,0.43548017419205576,0
2023-07-28 15:14:42,657.55,398886,15,657.95,52049,141271,0.47368018947206186,0
2023-07-28 15:14:42,657.9,398886,5,657.95,52049,141271,0.5271602108640739,0
2023-07-28 15:14:45,657.45,399722,4,657.95,52104,141314,0.4584001833600733,0
2023-07-28 15:14:46,657.45,399726,4,657.95,52267,141374,0.4584001833600733,0
2023-07-28 15:14:46,657.45,399726,4,657.95,52299,141384,0.4584001833600733,0
2023-07-28 15:14:46,657.95,399726,2,657.95,52299,141384,0.5348002139200855,0
2023-07-28 15:14:46,657.95,399726,50,657.95,52299,141384,0.5348002139200855,0
2023-07-28 15:14:53,657.95,399778,7,657.95,52299,141531,0.5348002139200855,0
2023-07-28 15:14:54,657.95,399785,1,657.95,52299,141525,0.5348002139200855,0
2023-07-28 15:14:54,657.45,399785,17,657.95,52299,141525,0.4584001833600733,0
2023-07-28 15:14:59,657.45,399886,4,657.95,52199,141321,0.4584001833600733,0
2023-07-28 15:14:59,658.85,399886,10,657.95,52199,141321,0.672320268928104,0
2023-07-28 15:15:01,658.85,401718,10,657.95,52146,139828,0.672320268928104,0
2023-07-28 15:15:01,658.85,401718,10,657.95,52410,140168,0.672320268928104,0
2023-07-28 15:15:01,658.45,401718,9,657.95,52410,140168,0.6112002444800978,0
2023-07-28 15:15:08,657.9,402075,6,657.95,52069,141685,0.5271602108640739,0
2023-07-28 15:15:08,657.1,402075,19,657.95,52069,141685,0.4049201619680613,0
2023-07-28 15:15:08,657.9,402075,1,657.95,52069,141685,0.5271602108640739,0
2023-07-28 15:15:11,657.0,404089,274,657.95,50640,140946,0.3896401558560554,0
2023-07-28 15:15:11,657.1,404089,1,657.95,50640,140946,0.4049201619680613,0
2023-07-28 15:15:11,657.1,404089,15,657.95,50640,140946,0.4049201619680613,0
2023-07-28 15:15:13,657.1,404105,15,657.95,48600,140892,0.4049201619680613,0
2023-07-28 15:15:13,658.0,404105,28,657.95,48600,140892,0.5424402169760798,0
2023-07-28 15:15:17,658.0,404148,28,657.95,48643,140836,0.5424402169760798,0
2023-07-28 15:15:17,658.0,404148,1,657.95,48643,140836,0.5424402169760798,0
2023-07-28 15:15:19,658.0,404149,1,657.95,48643,140729,0.5424402169760798,0
2023-07-28 15:15:19,657.1,404149,4,657.95,48643,140729,0.4049201619680613,0
2023-07-28 15:15:19,658.0,404149,16,657.95,48643,140729,0.5424402169760798,0
2023-07-28 15:15:19,657.25,404149,1,657.95,48643,140729,0.4278401711360615,0
2023-07-28 15:15:24,657.25,404295,1,657.95,48574,140646,0.4278401711360615,0
2023-07-28 15:15:24,657.25,404295,1,657.95,48579,140741,0.4278401711360615,0
2023-07-28 15:15:24,658.0,404295,5,657.95,48579,140741,0.5424402169760798,0
2023-07-28 15:15:24,658.0,404295,10,657.95,48579,140741,0.5424402169760798,0
2023-07-28 15:15:24,659.0,404295,4,657.95,48579,140741,0.6952402780961042,0
2023-07-28 15:15:29,659.0,405310,4,657.95,50575,140193,0.6952402780961042,0
2023-07-28 15:15:33,657.75,405315,5,657.95,50543,140095,0.5042402016960736,0
2023-07-28 15:15:36,658.0,405351,1,657.95,50355,140117,0.5424402169760798,0
2023-07-28 15:15:36,658.0,405351,1,657.95,50664,140117,0.5424402169760798,0
2023-07-28 15:15:36,658.0,405351,1,657.95,51658,140152,0.5424402169760798,0
2023-07-28 15:15:36,658.0,405351,1,657.95,51659,140217,0.5424402169760798,0
2023-07-28 15:15:36,658.7,405351,28,657.95,51659,140217,0.6494002597601038,0
2023-07-28 15:15:48,658.9,405629,78,657.95,51910,140155,0.6799602719840984,0
2023-07-28 15:15:48,658.75,405629,1,657.95,51910,140155,0.6570402628160982,0
2023-07-28 15:15:49,658.75,405630,1,657.95,51910,140122,0.6570402628160982,0
2023-07-28 15:15:53,658.1,405680,6,657.95,51984,140166,0.5577202230880858,0
2023-07-28 15:15:53,658.1,405680,1,657.95,51984,140166,0.5577202230880858,0
2023-07-28 15:15:55,658.1,405681,1,657.95,52414,140109,0.5577202230880858,0
2023-07-28 15:15:55,658.5,405681,37,657.95,52414,140109,0.618840247536092,0
2023-07-28 15:15:58,658.5,405718,37,657.95,52525,140255,0.618840247536092,0
2023-07-28 15:16:02,658.5,405736,1,657.95,52547,140237,0.618840247536092,0
2023-07-28 15:16:02,658.5,405736,1,657.95,52547,140237,0.618840247536092,0
2023-07-28 15:16:02,658.5,405736,1,657.95,52665,140248,0.618840247536092,0
2023-07-28 15:16:02,658.5,405736,1,657.95,52565,140248,0.618840247536092,0
2023-07-28 15:16:02,658.5,405736,1,657.95,52565,140298,0.618840247536092,0
2023-07-28 15:16:14,658.05,405761,25,657.95,52540,140298,0.5500802200320741,0
2023-07-28 15:16:14,658.05,405761,1,657.95,52540,140298,0.5500802200320741,0
2023-07-28 15:16:14,658.75,405761,26,657.95,52540,140298,0.6570402628160982,0
2023-07-28 15:16:17,658.75,405918,2,657.95,52593,140238,0.6570402628160982,0
2023-07-28 15:16:17,658.65,405918,1,657.95,52593,140238,0.6417602567040922,0
2023-07-28 15:16:20,658.05,406069,10,657.95,52195,140508,0.5500802200320741,0
2023-07-28 15:16:20,658.0,406069,35,657.95,52195,140508,0.5424402169760798,0
2023-07-28 15:16:20,658.6,406069,5,657.95,52195,140508,0.634120253648098,0
2023-07-28 15:16:22,658.6,406124,10,657.95,52145,140232,0.634120253648098,0
2023-07-28 15:16:22,658.6,406124,2,657.95,52145,140232,0.634120253648098,0
2023-07-28 15:16:24,658.6,406136,2,657.95,52145,140388,0.634120253648098,0
2023-07-28 15:16:24,657.8,406136,20,657.95,52145,140388,0.511880204752068,0
2023-07-28 15:16:24,657.8,406136,3,657.95,52145,140388,0.511880204752068,0
2023-07-28 15:16:28,657.8,406465,3,657.95,51986,140394,0.511880204752068,0
2023-07-28 15:16:31,657.8,406466,1,657.95,52295,140333,0.511880204752068,0
2023-07-28 15:16:31,657.8,406466,73,657.95,52295,140333,0.511880204752068,0
2023-07-28 15:16:32,657.8,406539,73,657.95,52285,140310,0.511880204752068,0
2023-07-28 15:16:32,657.8,406539,3,657.95,52285,140310,0.511880204752068,0
2023-07-28 15:16:32,657.8,406539,5,657.95,52285,140310,0.511880204752068,0
2023-07-28 15:16:36,657.8,406547,5,657.95,52319,140293,0.511880204752068,0
2023-07-28 15:16:36,657.75,406547,34,657.95,52319,140293,0.5042402016960736,0
2023-07-28 15:16:36,657.75,406547,40,657.95,52319,140293,0.5042402016960736,0
2023-07-28 15:16:40,657.8,406722,5,657.95,52137,140344,0.511880204752068,0
2023-07-28 15:16:40,657.8,406722,1,657.95,52137,140344,0.511880204752068,0
2023-07-28 15:16:41,657.5,406723,8,657.95,52137,140320,0.4660401864160676,0
2023-07-28 15:16:41,657.8,406723,1,657.95,52137,140320,0.511880204752068,0
2023-07-28 15:16:41,658.5,406723,2,657.95,52137,140320,0.618840247536092,0
2023-07-28 15:16:41,657.8,406723,31,657.95,52137,140320,0.511880204752068,0
2023-07-28 15:16:48,657.8,409295,31,657.95,52555,140621,0.511880204752068,0
2023-07-28 15:16:48,658.5,409295,5,657.95,52555,140621,0.618840247536092,0
2023-07-28 15:16:50,658.5,409375,5,657.95,52480,140676,0.618840247536092,0
2023-07-28 15:16:50,657.75,409375,23,657.95,52480,140676,0.5042402016960736,0
2023-07-28 15:16:50,658.5,409375,1,657.95,52480,140676,0.618840247536092,0
2023-07-28 15:16:54,658.5,409496,1,657.95,52399,140703,0.618840247536092,0
2023-07-28 15:16:54,658.5,409496,12,657.95,52399,140703,0.618840247536092,0
2023-07-28 15:16:57,658.5,409517,1,657.95,52399,140591,0.618840247536092,0
2023-07-28 15:16:57,657.8,409517,6,657.95,52399,140591,0.511880204752068,0
2023-07-28 15:16:59,657.8,409533,6,657.95,52214,140712,0.511880204752068,0
2023-07-28 15:16:59,657.8,409533,7,657.95,52214,140712,0.511880204752068,0
2023-07-28 15:16:59,658.45,409533,40,657.95,52214,140712,0.6112002444800978,0
2023-07-28 15:17:04,658.45,409630,40,657.95,52174,140762,0.6112002444800978,0
2023-07-28 15:17:07,658.35,409631,1,657.95,52175,140830,0.5959202383680918,0
2023-07-28 15:17:07,658.35,409631,2,657.95,52175,140830,0.5959202383680918,0
2023-07-28 15:17:10,658.35,409634,1,657.95,52175,140847,0.5959202383680918,0
2023-07-28 15:17:10,658.45,409634,9,657.95,52175,140847,0.6112002444800978,0
2023-07-28 15:17:11,658.45,409734,9,657.95,52248,140671,0.6112002444800978,0
2023-07-28 15:17:11,658.45,409734,9,657.95,52253,140671,0.6112002444800978,0
2023-07-28 15:17:11,658.45,409734,9,657.95,52239,140672,0.6112002444800978,0
2023-07-28 15:17:11,658.45,409734,1,657.95,52239,140672,0.6112002444800978,0
2023-07-28 15:17:21,658.5,409736,1,657.95,52453,140778,0.618840247536092,0
2023-07-28 15:17:21,658.7,409736,17,657.95,52457,140810,0.6494002597601038,0
2023-07-28 15:17:21,658.65,409736,2,657.95,52457,140810,0.6417602567040922,0
2023-07-28 15:17:25,658.65,409988,2,657.95,52218,140681,0.6417602567040922,0
2023-07-28 15:17:25,658.65,409988,2,657.95,52242,140681,0.6417602567040922,0
2023-07-28 15:17:25,658.55,409988,1,657.95,52242,140681,0.6264802505920863,0
2023-07-28 15:17:25,658.05,409988,8,657.95,52242,140681,0.5500802200320741,0
2023-07-28 15:17:33,658.55,409998,1,657.95,52234,140679,0.6264802505920863,0
2023-07-28 15:17:33,658.05,409998,1,657.95,52234,140679,0.5500802200320741,0
2023-07-28 15:17:36,658.55,410028,9,657.95,52337,140650,0.6264802505920863,0
2023-07-28 15:17:36,658.55,410028,9,657.95,52881,140649,0.6264802505920863,0
2023-07-28 15:17:36,658.55,410028,9,657.95,52869,140649,0.6264802505920863,0
2023-07-28 15:17:36,658.55,410028,1,657.95,52869,140649,0.6264802505920863,0
2023-07-28 15:17:46,658.55,410029,1,657.95,52860,140698,0.6264802505920863,0
2023-07-28 15:17:51,658.5,410037,5,657.95,52239,141014,0.618840247536092,0
2023-07-28 15:17:51,658.05,410037,109,657.95,52239,141014,0.5500802200320741,0
2023-07-28 15:17:51,658.0,410037,2,657.95,52239,141014,0.5424402169760798,0
2023-07-28 15:17:53,658.0,410198,2,657.95,52110,141103,0.5424402169760798,0
2023-07-28 15:17:53,658.05,410198,1,657.95,52110,141103,0.5500802200320741,0
2023-07-28 15:17:53,658.0,410198,17,657.95,52110,141103,0.5424402169760798,0
2023-07-28 15:17:55,658.0,410274,17,657.95,52054,141053,0.5424402169760798,0
2023-07-28 15:17:59,658.5,410275,1,657.95,51934,141052,0.618840247536092,0
2023-07-28 15:17:59,658.0,410275,16,657.95,51934,141052,0.5424402169760798,0
2023-07-28 15:18:01,658.0,410291,16,657.95,52038,140925,0.5424402169760798,0
2023-07-28 15:18:01,658.0,410291,16,657.95,52038,140900,0.5424402169760798,0
2023-07-28 15:18:01,657.95,410291,35,657.95,52038,140900,0.5348002139200855,0
2023-07-28 15:18:01,658.45,410291,37,657.95,52038,140900,0.6112002444800978,0
2023-07-28 15:18:06,658.45,410363,37,657.95,51933,140885,0.6112002444800978,0
2023-07-28 15:18:06,658.0,410363,2,657.95,51933,140885,0.5424402169760798,0
2023-07-28 15:18:06,658.35,410363,14,657.95,51933,140885,0.5959202383680918,0
2023-07-28 15:18:13,658.35,410384,14,657.95,51910,140882,0.5959202383680918,0
2023-07-28 15:18:17,657.6,410402,10,657.95,52054,140892,0.4813201925280735,0
2023-07-28 15:18:20,658.25,410487,80,657.95,52004,140907,0.580640232256086,0
2023-07-28 15:18:20,658.25,410487,80,657.95,52004,140907,0.580640232256086,0
2023-07-28 15:18:20,658.25,410487,1,657.95,52004,140907,0.580640232256086,0
2023-07-28 15:18:27,658.25,410502,12,657.95,51958,140570,0.580640232256086,0
2023-07-28 15:18:27,657.65,410502,31,657.95,51958,140570,0.4889601955840678,0
2023-07-28 15:18:29,657.65,410602,31,657.95,51998,140587,0.4889601955840678,0
2023-07-28 15:18:29,658.25,410602,7,657.95,51998,140587,0.580640232256086,0
2023-07-28 15:18:29,658.25,410602,1,657.95,51998,140587,0.580640232256086,0
2023-07-28 15:18:33,658.25,410645,20,657.95,52036,140654,0.580640232256086,0
2023-07-28 15:18:33,658.25,410645,20,657.95,52036,140654,0.580640232256086,0
2023-07-28 15:18:33,658.25,410645,30,657.95,52036,140654,0.580640232256086,0
2023-07-28 15:18:38,658.25,410676,30,657.95,52028,142325,0.580640232256086,0
2023-07-28 15:18:38,657.7,410676,16,657.95,52028,142325,0.4966001986400794,0
2023-07-28 15:18:44,657.5,410735,2,657.95,51881,144743,0.4660401864160676,0
2023-07-28 15:18:44,657.8,410735,5,657.95,51881,144743,0.511880204752068,0
2023-07-28 15:18:44,657.8,410735,2,657.95,51881,144743,0.511880204752068,0
2023-07-28 15:18:44,657.8,410735,1,657.95,51881,144743,0.511880204752068,0
2023-07-28 15:18:46,657.8,410748,1,657.95,51900,144807,0.511880204752068,0
2023-07-28 15:18:46,657.5,410748,15,657.95,51900,144807,0.4660401864160676,0
2023-07-28 15:18:51,657.8,410804,1,657.95,51847,144806,0.511880204752068,0
2023-07-28 15:18:51,657.8,410804,1,657.95,51847,144806,0.511880204752068,0
2023-07-28 15:18:51,657.8,410804,1,657.95,51857,144806,0.511880204752068,0
2023-07-28 15:18:51,657.8,410804,1,657.95,51975,144806,0.511880204752068,0
2023-07-28 15:19:01,657.8,413256,2243,657.95,52252,142301,0.511880204752068,0
2023-07-28 15:19:01,658.25,413256,9,657.95,52252,142301,0.580640232256086,0
2023-07-28 15:19:01,657.8,413256,27,657.95,52252,142301,0.511880204752068,0
2023-07-28 15:19:04,657.8,413424,27,657.95,52170,142251,0.511880204752068,0
2023-07-28 15:19:04,658.25,413424,50,657.95,52170,142251,0.580640232256086,0
2023-07-28 15:19:06,658.25,413474,50,657.95,52244,142194,0.580640232256086,0
2023-07-28 15:19:06,657.85,413474,2,657.95,52244,142194,0.5195202078080796,0
2023-07-28 15:19:09,657.85,413478,2,657.95,52267,142190,0.5195202078080796,0
2023-07-28 15:19:09,658.25,413478,5,657.95,52267,142190,0.580640232256086,0
2023-07-28 15:19:13,658.25,413483,5,657.95,52176,142195,0.580640232256086,0
2023-07-28 15:19:13,658.25,413483,1,657.95,52176,142195,0.580640232256086,0
2023-07-28 15:19:17,658.25,413484,1,657.95,52202,142184,0.580640232256086,0
2023-07-28 15:19:17,658.0,413484,10,657.95,52202,142184,0.5424402169760798,0
2023-07-28 15:19:17,658.0,413484,25,657.95,52202,142184,0.5424402169760798,0
2023-07-28 15:19:20,658.0,413534,25,657.95,52099,142658,0.5424402169760798,0
2023-07-28 15:19:20,658.0,413534,25,657.95,52099,142668,0.5424402169760798,0
2023-07-28 15:19:28,658.0,413627,83,657.95,51996,142582,0.5424402169760798,0
2023-07-28 15:19:28,658.0,413627,1,657.95,51996,142582,0.5424402169760798,0
2023-07-28 15:19:30,658.0,413628,1,657.95,52012,142788,0.5424402169760798,0
2023-07-28 15:19:30,658.0,413628,20,657.95,52012,142788,0.5424402169760798,0
2023-07-28 15:19:32,658.0,413648,20,657.95,52014,142768,0.5424402169760798,0
2023-07-28 15:19:32,658.0,413648,11,657.95,52014,142768,0.5424402169760798,0
2023-07-28 15:19:35,658.0,413659,11,657.95,52004,142752,0.5424402169760798,0
2023-07-28 15:19:35,658.0,413659,9,657.95,52004,142752,0.5424402169760798,0
2023-07-28 15:19:39,658.0,413668,9,657.95,52104,142738,0.5424402169760798,0
2023-07-28 15:19:39,658.0,413668,1,657.95,52104,142738,0.5424402169760798,0
2023-07-28 15:19:44,657.8,413700,10,657.95,52025,142811,0.511880204752068,0
2023-07-28 15:19:44,657.55,413700,10,657.95,52025,142811,0.47368018947206186,0
2023-07-28 15:19:47,657.55,413759,10,657.95,51907,142763,0.47368018947206186,0
2023-07-28 15:19:47,657.8,413759,55,657.95,51907,142763,0.511880204752068,0
2023-07-28 15:19:47,657.55,413759,5,657.95,51907,142763,0.47368018947206186,0
2023-07-28 15:19:50,657.55,413864,5,657.95,51931,142718,0.47368018947206186,0
2023-07-28 15:19:50,658.0,413864,1,657.95,51931,142718,0.5424402169760798,0
2023-07-28 15:19:53,658.0,413865,1,657.95,51941,142717,0.5424402169760798,0
2023-07-28 15:19:53,657.5,413865,45,657.95,51941,142717,0.4660401864160676,0
2023-07-28 15:19:53,657.5,413865,15,657.95,51941,142717,0.4660401864160676,0
2023-07-28 15:19:55,657.5,413935,15,657.95,51371,142743,0.4660401864160676,0
2023-07-28 15:19:55,658.7,413935,3,657.95,51371,142743,0.6494002597601038,0
2023-07-28 15:20:00,658.7,415151,3,657.95,51728,141871,0.6494002597601038,0
2023-07-28 15:20:00,658.9,415151,449,657.95,51728,141871,0.6799602719840984,0
2023-07-28 15:20:00,658.2,415151,102,657.95,51728,141871,0.5730002292000916,0
2023-07-28 15:20:03,658.2,416096,102,657.95,53263,143347,0.5730002292000916,0
2023-07-28 15:20:03,658.2,416096,1,657.95,53263,143347,0.5730002292000916,0
2023-07-28 15:20:08,658.9,416107,10,657.95,53283,143345,0.6799602719840984,0
2023-07-28 15:20:08,658.9,416107,5,657.95,53283,143345,0.6799602719840984,0
2023-07-28 15:20:10,658.9,416162,14,657.95,52782,143360,0.6799602719840984,0
2023-07-28 15:20:10,658.9,416162,14,657.95,52565,143379,0.6799602719840984,0
2023-07-28 15:20:10,658.15,416162,37,657.95,52565,143379,0.56536022614408,0
2023-07-28 15:20:19,658.15,416232,37,657.95,52506,143353,0.56536022614408,0
2023-07-28 15:20:24,658.2,416282,25,657.95,51162,143347,0.5730002292000916,0
2023-07-28 15:20:24,658.2,416282,3,657.95,51162,143347,0.5730002292000916,0
2023-07-28 15:20:25,658.2,416285,3,657.95,51106,142127,0.5730002292000916,0
2023-07-28 15:20:25,658.2,416285,3,657.95,51611,142130,0.5730002292000916,0
2023-07-28 15:20:25,658.75,416285,10,657.95,51611,142130,0.6570402628160982,0
2023-07-28 15:20:25,658.15,416285,10,657.95,51611,142130,0.56536022614408,0
2023-07-28 15:20:37,658.15,416349,10,657.95,52800,143425,0.56536022614408,0
2023-07-28 15:20:37,658.15,416349,10,657.95,52800,143445,0.56536022614408,0
2023-07-28 15:20:37,658.7,416349,15,657.95,52800,143445,0.6494002597601038,0
2023-07-28 15:20:37,658.7,416349,10,657.95,52800,143445,0.6494002597601038,0
2023-07-28 15:20:37,658.15,416349,4,657.95,52800,143445,0.56536022614408,0
2023-07-28 15:20:37,658.8,416349,3,657.95,52800,143445,0.6646802658720924,0
2023-07-28 15:20:37,658.2,416349,13,657.95,52800,143445,0.5730002292000916,0
2023-07-28 15:20:48,658.8,416609,19,657.95,52861,143316,0.6646802658720924,0
2023-07-28 15:20:52,658.15,416809,13,657.95,52730,143272,0.56536022614408,0
2023-07-28 15:20:52,658.15,416809,30,657.95,52730,143272,0.56536022614408,0
2023-07-28 15:20:52,658.15,416809,17,657.95,52730,143272,0.56536022614408,0
2023-07-28 15:20:52,658.15,416809,10,657.95,52730,143272,0.56536022614408,0
2023-07-28 15:20:56,658.15,416976,10,657.95,52565,143335,0.56536022614408,0
2023-07-28 15:20:56,658.15,416976,17,657.95,52565,143335,0.56536022614408,0
2023-07-28 15:20:56,658.1,416976,2,657.95,52565,143335,0.5577202230880858,0
2023-07-28 15:20:58,658.1,417976,2,657.95,51311,143463,0.5577202230880858,0
2023-07-28 15:20:58,658.5,417976,7,657.95,51311,143463,0.618840247536092,0
2023-07-28 15:20:58,658.1,417976,50,657.95,51311,143463,0.5577202230880858,0
2023-07-28 15:21:03,658.1,418061,50,657.95,51124,143545,0.5577202230880858,0
2023-07-28 15:21:03,658.1,418061,50,657.95,51156,142407,0.5577202230880858,0
2023-07-28 15:21:03,658.15,418061,1,657.95,51156,142407,0.56536022614408,0
2023-07-28 15:21:12,658.15,418062,1,657.95,51147,142401,0.56536022614408,0
2023-07-28 15:21:12,657.9,418062,3,657.95,51147,142401,0.5271602108640739,0
2023-07-28 15:21:16,657.85,418378,30,657.95,50775,142582,0.5195202078080796,0
2023-07-28 15:21:16,657.85,418378,30,657.95,50775,142582,0.5195202078080796,0
2023-07-28 15:21:16,657.85,418378,30,657.95,50772,143712,0.5195202078080796,0
2023-07-28 15:21:16,657.85,418378,30,657.95,50790,143707,0.5195202078080796,0
2023-07-28 15:21:16,657.85,418378,1,657.95,50790,143707,0.5195202078080796,0
2023-07-28 15:21:26,657.85,418379,1,657.95,50772,143734,0.5195202078080796,0
2023-07-28 15:21:26,657.8,418379,10,657.95,50772,143734,0.511880204752068,0
2023-07-28 15:21:26,657.85,418379,3,657.95,50772,143734,0.5195202078080796,0
2023-07-28 15:21:33,657.8,418466,16,657.95,50426,143695,0.511880204752068,0
2023-07-28 15:21:33,657.5,418466,4,657.95,50426,143695,0.4660401864160676,0
2023-07-28 15:21:34,657.5,418476,4,657.95,50188,143689,0.4660401864160676,0
2023-07-28 15:21:34,657.9,418476,660,657.95,50188,143689,0.5271602108640739,0
2023-07-28 15:21:39,657.9,419236,660,657.95,50595,142936,0.5271602108640739,0
2023-07-28 15:21:39,657.9,419236,3,657.95,50595,142936,0.5271602108640739,0
2023-07-28 15:21:44,657.9,419246,7,657.95,50639,142948,0.5271602108640739,0
2023-07-28 15:21:44,657.9,419246,357,657.95,50639,142948,0.5271602108640739,0
2023-07-28 15:21:44,658.25,419246,1,657.95,50639,142948,0.580640232256086,0
2023-07-28 15:21:47,658.4,420117,23,657.95,50963,141552,0.6035602414240862,0
2023-07-28 15:21:51,657.7,420144,5,657.95,50680,141548,0.4966001986400794,0
2023-07-28 15:21:51,657.9,420144,2,657.95,50680,141548,0.5271602108640739,0
2023-07-28 15:21:51,658.35,420144,9,657.95,50680,141548,0.5959202383680918,0
2023-07-28 15:21:53,658.35,420209,9,657.95,50682,142496,0.5959202383680918,0
2023-07-28 15:21:53,658.3,420209,7,657.95,50682,142496,0.5882802353120802,0
2023-07-28 15:21:57,658.2,420312,1,657.95,50163,143369,0.5730002292000916,0
2023-07-28 15:21:57,658.2,420312,1,657.95,50206,143387,0.5730002292000916,0
2023-07-28 15:21:57,658.2,420312,1,657.95,50206,143387,0.5730002292000916,0
2023-07-28 15:21:57,657.55,420312,99,657.95,50206,143387,0.47368018947206186,0
2023-07-28 15:22:07,658.15,420421,5,657.95,50130,143384,0.56536022614408,0
2023-07-28 15:22:07,657.7,420421,2,657.95,50130,143384,0.4966001986400794,0
2023-07-28 15:22:07,657.7,420421,4,657.95,50130,143384,0.4966001986400794,0
2023-07-28 15:22:08,657.7,420427,4,657.95,50130,143450,0.4966001986400794,0
2023-07-28 15:22:08,658.2,420427,50,657.95,50130,143450,0.5730002292000916,0
2023-07-28 15:22:12,658.15,420502,15,657.95,50232,143523,0.56536022614408,0
2023-07-28 15:22:15,658.15,420522,15,657.95,50233,143574,0.56536022614408,0
2023-07-28 15:22:15,657.6,420522,6,657.95,50233,143574,0.4813201925280735,0
2023-07-28 15:22:23,658.0,420541,5,657.95,50224,143587,0.5424402169760798,0
2023-07-28 15:22:23,657.7,420541,2,657.95,50224,143587,0.4966001986400794,0
2023-07-28 15:22:26,657.7,420548,2,657.95,50208,143568,0.4966001986400794,0
2023-07-28 15:22:26,657.7,420548,2,657.95,50169,142399,0.4966001986400794,0
2023-07-28 15:22:26,657.7,420548,10,657.95,50169,142399,0.4966001986400794,0
2023-07-28 15:22:26,657.6,420548,5,657.95,50169,142399,0.4813201925280735,0
2023-07-28 15:22:36,657.6,420610,5,657.95,50199,143446,0.4813201925280735,0
2023-07-28 15:22:36,657.6,420610,5,657.95,50199,143476,0.4813201925280735,0
2023-07-28 15:22:36,658.0,420610,5,657.95,50199,143476,0.5424402169760798,0
2023-07-28 15:22:43,658.0,420615,5,657.95,50053,143503,0.5424402169760798,0
2023-07-28 15:22:43,657.65,420615,7,657.95,50053,143503,0.4889601955840678,0
2023-07-28 15:22:46,658.0,420622,5,657.95,50016,143553,0.5424402169760798,0
2023-07-28 15:22:46,657.65,420622,100,657.95,50016,143553,0.4889601955840678,0
2023-07-28 15:22:50,657.65,420727,100,657.95,50287,143572,0.4889601955840678,0
2023-07-28 15:22:50,657.65,420727,100,657.95,50527,143572,0.4889601955840678,0
2023-07-28 15:22:50,657.65,420727,100,657.95,50529,143672,0.4889601955840678,0
2023-07-28 15:22:50,658.0,420727,43,657.95,50529,143672,0.5424402169760798,0
2023-07-28 15:23:02,658.0,420772,43,657.95,50484,143623,0.5424402169760798,0
2023-07-28 15:23:02,658.0,420772,1,657.95,50484,143623,0.5424402169760798,0
2023-07-28 15:23:05,658.0,420773,1,657.95,50517,143612,0.5424402169760798,0
2023-07-28 15:23:05,657.9,420773,5,657.95,50517,143612,0.5271602108640739,0
2023-07-28 15:23:08,657.9,421583,5,657.95,49924,143652,0.5271602108640739,0
2023-07-28 15:23:08,657.9,421583,9,657.95,49924,143652,0.5271602108640739,0
2023-07-28 15:23:13,657.9,421592,9,657.95,49957,143685,0.5271602108640739,0
2023-07-28 15:23:13,657.5,421592,16,657.95,49957,143685,0.4660401864160676,0
2023-07-28 15:23:13,657.4,421592,19,657.95,49957,143685,0.4507601803040617,0
2023-07-28 15:23:16,657.4,421628,19,657.95,50013,143775,0.4507601803040617,0
2023-07-28 15:23:16,657.8,421628,10,657.95,50013,143775,0.511880204752068,0
2023-07-28 15:23:22,657.8,421646,10,657.95,50015,143862,0.511880204752068,0
2023-07-28 15:23:22,658.0,421646,38,657.95,50015,143862,0.5424402169760798,0
2023-07-28 15:23:22,657.9,421646,3,657.95,50015,143862,0.5271602108640739,0
2023-07-28 15:23:22,657.8,421646,250,657.95,50015,143862,0.511880204752068,0
2023-07-28 15:23:24,657.8,422050,250,657.95,49964,144262,0.511880204752068,0
2023-07-28 15:23:24,657.9,422050,7,657.95,49964,144262,0.5271602108640739,0
2023-07-28 15:23:24,657.35,422050,15,657.95,49964,144262,0.4431201772480674,0
2023-07-28 15:23:28,657.35,422107,15,657.95,49941,144749,0.4431201772480674,0
2023-07-28 15:23:33,657.9,422121,14,657.95,49941,144779,0.5271602108640739,0
2023-07-28 15:23:33,657.9,422121,3,657.95,49941,144779,0.5271602108640739,0
2023-07-28 15:23:36,657.9,422131,2,657.95,49945,144779,0.5271602108640739,0
2023-07-28 15:23:36,658.0,422131,1,657.95,49945,144779,0.5424402169760798,0
2023-07-28 15:23:39,657.95,422791,25,657.95,50001,143192,0.5348002139200855,0
2023-07-28 15:23:39,657.7,422791,1,657.95,50001,143192,0.4966001986400794,0
2023-07-28 15:23:40,657.7,422792,1,657.95,50009,144167,0.4966001986400794,0
2023-07-28 15:23:40,657.7,422792,4,657.95,50009,144167,0.4966001986400794,0
2023-07-28 15:23:43,657.7,422796,4,657.95,50002,144179,0.4966001986400794,0
2023-07-28 15:23:43,657.9,422796,2,657.95,50002,144179,0.5271602108640739,0
2023-07-28 15:23:43,657.9,422796,1,657.95,50002,144179,0.5271602108640739,0
2023-07-28 15:23:43,657.35,422796,13,657.95,50002,144179,0.4431201772480674,0
2023-07-28 15:23:49,657.35,422906,13,657.95,49918,144219,0.4431201772480674,0
2023-07-28 15:23:49,657.9,422906,5,657.95,49928,144209,0.5271602108640739,0
2023-07-28 15:23:49,657.9,422906,1,657.95,49928,144209,0.5271602108640739,0
2023-07-28 15:23:49,658.0,422906,10,657.95,49928,144209,0.5424402169760798,0
2023-07-28 15:23:55,658.0,422976,10,657.95,49928,144205,0.5424402169760798,0
2023-07-28 15:23:55,657.5,422976,24,657.95,49928,144205,0.4660401864160676,0
2023-07-28 15:23:55,657.5,422976,3,657.95,49928,144205,0.4660401864160676,0
2023-07-28 15:23:55,657.95,422976,3,657.95,49928,144205,0.5348002139200855,0
2023-07-28 15:23:59,657.95,423195,3,657.95,49980,143172,0.5348002139200855,0
2023-07-28 15:23:59,657.95,423195,3,657.95,50161,144088,0.5348002139200855,0
2023-07-28 15:23:59,657.95,423195,1,657.95,50161,144088,0.5348002139200855,0
2023-07-28 15:23:59,657.95,423195,3,657.95,50161,144088,0.5348002139200855,0
2023-07-28 15:24:04,657.95,423204,3,657.95,50151,144167,0.5348002139200855,0
2023-07-28 15:24:04,657.95,423204,3,657.95,50151,144167,0.5348002139200855,0
2023-07-28 15:24:10,657.95,423332,88,657.95,49952,143107,0.5348002139200855,0
2023-07-28 15:24:10,657.95,423332,3,657.95,49952,143107,0.5348002139200855,0
2023-07-28 15:24:10,657.95,423332,3,657.95,49952,143107,0.5348002139200855,0
2023-07-28 15:24:15,658.0,423357,6,657.95,49945,144058,0.5424402169760798,0
2023-07-28 15:24:15,658.0,423357,6,657.95,49945,144058,0.5424402169760798,0
2023-07-28 15:24:15,657.5,423357,17,657.95,49945,144058,0.4660401864160676,0
2023-07-28 15:24:16,657.5,423396,17,657.95,49902,144075,0.4660401864160676,0
2023-07-28 15:24:16,657.9,423396,7,657.95,49902,144075,0.5271602108640739,0
2023-07-28 15:24:22,657.5,423403,46,657.95,49894,144013,0.4660401864160676,0
2023-07-28 15:24:23,657.5,423449,46,657.95,49836,144013,0.4660401864160676,0
2023-07-28 15:24:23,657.5,423449,25,657.95,49836,144013,0.4660401864160676,0
2023-07-28 15:24:29,657.5,423474,25,657.95,49776,143843,0.4660401864160676,0
2023-07-28 15:24:29,657.9,423474,5,657.95,49776,143843,0.5271602108640739,0
2023-07-28 15:24:29,657.9,423474,20,657.95,49776,143843,0.5271602108640739,0
2023-07-28 15:24:29,657.9,423474,1,657.95,49776,143843,0.5271602108640739,0
2023-07-28 15:24:36,657.9,423555,1,657.95,49789,142762,0.5271602108640739,0
2023-07-28 15:24:36,657.5,423555,2,657.95,49789,142762,0.4660401864160676,0
2023-07-28 15:24:36,657.9,423555,5,657.95,49789,142762,0.5271602108640739,0
2023-07-28 15:24:39,657.9,423562,5,657.95,49823,142757,0.5271602108640739,0
2023-07-28 15:24:39,657.9,423562,2,657.95,49823,142757,0.5271602108640739,0
2023-07-28 15:24:39,657.5,423562,4,657.95,49823,142757,0.4660401864160676,0
2023-07-28 15:24:42,657.5,423593,4,657.95,49806,142753,0.4660401864160676,0
2023-07-28 15:24:42,657.5,423593,4,657.95,50003,142753,0.4660401864160676,0
2023-07-28 15:24:42,657.5,423593,6,657.95,50003,142753,0.4660401864160676,0
2023-07-28 15:24:48,657.5,423599,6,657.95,49986,142724,0.4660401864160676,0
2023-07-28 15:24:48,657.5,423599,6,657.95,49986,142774,0.4660401864160676,0
2023-07-28 15:24:48,657.5,423599,1,657.95,49986,142774,0.4660401864160676,0
2023-07-28 15:24:57,657.5,423614,1,657.95,49991,142774,0.4660401864160676,0
2023-07-28 15:25:00,657.5,423820,183,657.95,49791,142568,0.4660401864160676,0
2023-07-28 15:25:00,657.9,423820,21,657.95,49791,142568,0.5271602108640739,0
2023-07-28 15:25:00,657.9,423820,1,657.95,49791,142568,0.5271602108640739,0
2023-07-28 15:25:00,657.35,423820,29,657.95,49791,142568,0.4431201772480674,0
2023-07-28 15:25:04,657.35,423912,29,657.95,49824,142595,0.4431201772480674,0
2023-07-28 15:25:04,657.85,423912,7,657.95,49824,142595,0.5195202078080796,0
2023-07-28 15:25:04,657.85,423912,1,657.95,49824,142595,0.5195202078080796,0
2023-07-28 15:25:04,657.9,423912,2,657.95,49824,142595,0.5271602108640739,0
2023-07-28 15:25:07,657.9,423943,3,657.95,50039,142557,0.5271602108640739,0
2023-07-28 15:25:07,657.5,423943,45,657.95,50039,142557,0.4660401864160676,0
2023-07-28 15:25:07,657.5,423943,3,657.95,50039,142557,0.4660401864160676,0
2023-07-28 15:25:11,657.5,424114,3,657.95,49714,142617,0.4660401864160676,0
2023-07-28 15:25:11,657.5,424114,42,657.95,49714,142617,0.4660401864160676,0
2023-07-28 15:25:13,657.5,424156,42,657.95,49844,142742,0.4660401864160676,0
2023-07-28 15:25:13,657.8,424156,10,657.95,49844,142742,0.511880204752068,0
2023-07-28 15:25:13,657.5,424156,100,657.95,49844,142742,0.4660401864160676,0
2023-07-28 15:25:13,657.5,424156,1,657.95,49844,142742,0.4660401864160676,0
2023-07-28 15:25:18,657.5,424375,1,657.95,49732,142756,0.4660401864160676,0
2023-07-28 15:25:18,657.5,424375,4,657.95,49732,142756,0.4660401864160676,0
2023-07-28 15:25:18,657.35,424375,83,657.95,49732,142756,0.4431201772480674,0
2023-07-28 15:25:18,657.5,424375,40,657.95,49732,142756,0.4660401864160676,0
2023-07-28 15:25:18,657.35,424375,8,657.95,49732,142756,0.4431201772480674,0
2023-07-28 15:25:18,657.5,424375,37,657.95,49732,142756,0.4660401864160676,0
2023-07-28 15:25:18,657.3,424375,3,657.95,49732,142756,0.43548017419205576,0
2023-07-28 15:25:26,657.5,424720,10,657.95,49394,142567,0.4660401864160676,0
2023-07-28 15:25:26,657.5,424720,10,657.95,49394,142567,0.4660401864160676,0
2023-07-28 15:25:26,657.25,424720,14,657.95,49394,142567,0.4278401711360615,0
2023-07-28 15:25:27,657.25,424773,14,657.95,49325,145496,0.4278401711360615,0
2023-07-28 15:25:27,657.5,424773,37,657.95,49325,145496,0.4660401864160676,0
2023-07-28 15:25:27,657.5,424773,25,657.95,49325,145496,0.4660401864160676,0
2023-07-28 15:25:32,657.5,424941,32,657.95,49345,145448,0.4660401864160676,0
2023-07-28 15:25:32,657.3,424941,7,657.95,49345,145448,0.43548017419205576,0
2023-07-28 15:25:33,657.3,424948,7,657.95,49838,145328,0.43548017419205576,0
2023-07-28 15:25:33,657.35,424948,2,657.95,49838,145328,0.4431201772480674,0
2023-07-28 15:25:38,657.35,424953,2,657.95,49628,145551,0.4431201772480674,0
2023-07-28 15:25:38,657.35,424953,20,657.95,49628,145551,0.4431201772480674,0
2023-07-28 15:25:38,657.35,424953,20,657.95,49628,145551,0.4431201772480674,0
2023-07-28 15:25:38,657.35,424953,5,657.95,49628,145551,0.4431201772480674,0
2023-07-28 15:25:42,657.5,425093,5,657.95,49740,145766,0.4660401864160676,0
2023-07-28 15:25:42,657.5,425093,5,657.95,49740,145766,0.4660401864160676,0
2023-07-28 15:25:42,657.35,425093,12,657.95,49654,145682,0.4431201772480674,0
2023-07-28 15:25:42,657.3,425093,1,657.95,49654,145682,0.43548017419205576,0
2023-07-28 15:25:49,657.35,425131,50,657.95,49652,145488,0.4431201772480674,0
2023-07-28 15:25:49,657.35,425131,1,657.95,49652,145488,0.4431201772480674,0
2023-07-28 15:25:49,657.35,425131,100,657.95,49652,145488,0.4431201772480674,0
2023-07-28 15:25:49,657.75,425131,5,657.95,49652,145488,0.5042402016960736,0
2023-07-28 15:25:52,657.75,425368,7,657.95,49652,145399,0.5042402016960736,0
2023-07-28 15:25:55,657.35,425379,4,657.95,49639,145259,0.4431201772480674,0
2023-07-28 15:25:55,657.35,425379,2,657.95,49639,145259,0.4431201772480674,0
2023-07-28 15:25:55,657.3,425379,2,657.95,49639,145259,0.43548017419205576,0
2023-07-28 15:25:57,657.3,425421,2,657.95,49547,145259,0.43548017419205576,0
2023-07-28 15:25:57,657.25,425421,29,657.95,49547,145259,0.4278401711360615,0
2023-07-28 15:25:57,657.5,425421,5,657.95,49547,145259,0.4660401864160676,0
2023-07-28 15:26:00,657.5,425470,5,657.95,49150,145012,0.4660401864160676,0
2023-07-28 15:26:00,657.5,425470,28,657.95,49150,145012,0.4660401864160676,0
2023-07-28 15:26:00,657.25,425470,1,657.95,49150,145012,0.4278401711360615,0
2023-07-28 15:26:05,657.25,425501,1,657.95,49402,144985,0.4278401711360615,0
2023-07-28 15:26:05,657.5,425501,29,657.95,49402,144985,0.4660401864160676,0
2023-07-28 15:26:08,657.1,425580,50,657.95,49476,144879,0.4049201619680613,0
2023-07-28 15:26:08,657.5,425580,9,657.95,49476,144879,0.4660401864160676,0
2023-07-28 15:26:08,657.5,425580,1,657.95,49476,144879,0.4660401864160676,0
2023-07-28 15:26:12,657.05,425840,58,657.95,49226,144770,0.39728015891204965,0
2023-07-28 15:26:12,657.25,425840,49,657.95,49226,144770,0.4278401711360615,0
2023-07-28 15:26:12,657.25,425840,10,657.95,49226,144770,0.4278401711360615,0
2023-07-28 15:26:15,657.25,425905,10,657.95,49302,144728,0.4278401711360615,0
2023-07-28 15:26:15,657.5,425905,14,657.95,49302,144728,0.4660401864160676,0
2023-07-28 15:26:17,657.5,425935,14,657.95,49319,144698,0.4660401864160676,0
2023-07-28 15:26:17,657.5,425935,50,657.95,49319,144698,0.4660401864160676,0
2023-07-28 15:26:17,657.75,425935,10,657.95,49319,144698,0.5042402016960736,0
2023-07-28 15:26:17,657.75,425935,25,657.95,49319,144698,0.5042402016960736,0
2023-07-28 15:26:22,657.35,426220,4,657.95,49691,143806,0.4431201772480674,0
2023-07-28 15:26:22,657.35,426224,4,657.95,49787,143306,0.4431201772480674,0
2023-07-28 15:26:22,657.25,426224,43,657.95,49787,143306,0.4278401711360615,0
2023-07-28 15:26:22,657.8,426224,1,657.95,49787,143306,0.511880204752068,0
2023-07-28 15:26:28,657.8,426377,1,657.95,49822,143948,0.511880204752068,0
2023-07-28 15:26:28,657.8,426377,20,657.95,49822,143948,0.511880204752068,0
2023-07-28 15:26:28,657.25,426377,12,657.95,49822,143948,0.4278401711360615,0
2023-07-28 15:26:32,657.65,427415,5,657.94,49110,143376,0.4889601955840678,0
2023-07-28 15:26:32,657.35,427415,14,657.94,49110,143376,0.4431201772480674,0
2023-07-28 15:26:32,657.65,427415,9,657.94,49110,143376,0.4889601955840678,0
2023-07-28 15:26:34,657.65,427454,9,657.94,49145,143372,0.4889601955840678,0
2023-07-28 15:26:34,658.0,427454,66,657.94,49145,143372,0.5424402169760798,0
2023-07-28 15:26:34,657.5,427454,82,657.94,49145,143372,0.4660401864160676,0
2023-07-28 15:26:37,657.5,428356,82,657.94,49444,143513,0.4660401864160676,0
2023-07-28 15:26:37,657.5,428356,82,657.94,49444,143780,0.4660401864160676,0
2023-07-28 15:26:37,657.6,428356,1,657.94,49444,143780,0.4813201925280735,0
2023-07-28 15:26:42,657.5,428357,40,657.94,49238,143058,0.4660401864160676,0
2023-07-28 15:26:42,657.6,428357,1,657.94,49238,143058,0.4813201925280735,0
2023-07-28 15:26:48,657.5,428405,2,657.94,49958,143795,0.4660401864160676,0
2023-07-28 15:26:48,657.5,428405,100,657.94,49958,143795,0.4660401864160676,0
2023-07-28 15:26:49,657.5,428537,100,657.94,49861,142893,0.4660401864160676,0
2023-07-28 15:26:49,657.6,428537,5,657.94,49861,142893,0.4813201925280735,0
2023-07-28 15:26:49,657.75,428537,92,657.94,49861,142893,0.5042402016960736,0
2023-07-28 15:26:49,657.35,428537,9,657.94,49861,142893,0.4431201772480674,0
2023-07-28 15:26:49,657.5,428537,44,657.94,49861,142893,0.4660401864160676,0
2023-07-28 15:26:49,657.8,428537,10,657.94,49861,142893,0.511880204752068,0
2023-07-28 15:26:49,657.8,428537,1,657.94,49861,142893,0.511880204752068,0
2023-07-28 15:26:58,657.5,428951,20,657.94,50421,143422,0.4660401864160676,0
2023-07-28 15:26:58,657.5,428951,20,657.94,50421,143422,0.4660401864160676,0
2023-07-28 15:26:58,657.95,428951,361,657.94,50421,143422,0.5348002139200855,0
2023-07-28 15:26:58,657.6,428951,2,657.94,50421,143422,0.4813201925280735,0
2023-07-28 15:26:58,657.5,428951,37,657.94,50421,143422,0.4660401864160676,0
2023-07-28 15:27:05,657.5,429638,37,657.94,50230,142817,0.4660401864160676,0
2023-07-28 15:27:05,657.5,429638,5,657.94,50230,142817,0.4660401864160676,0
2023-07-28 15:27:05,657.5,429638,100,657.94,50230,142817,0.4660401864160676,0
2023-07-28 15:27:05,657.5,429638,173,657.94,50230,142817,0.4660401864160676,0
2023-07-28 15:27:09,657.5,429964,9,657.94,49787,143283,0.4660401864160676,0
2023-07-28 15:27:09,657.5,429964,10,657.94,49787,143283,0.4660401864160676,0
2023-07-28 15:27:09,657.5,429964,10,657.94,49787,143283,0.4660401864160676,0
2023-07-28 15:27:12,657.5,430337,10,657.94,49887,142940,0.4660401864160676,0
2023-07-28 15:27:12,657.5,430337,20,657.94,49887,142940,0.4660401864160676,0
2023-07-28 15:27:12,657.5,430337,6,657.94,49887,142940,0.4660401864160676,0
2023-07-28 15:27:12,657.5,430337,39,657.94,49887,142940,0.4660401864160676,0
2023-07-28 15:27:14,657.5,430502,21,657.94,49787,142424,0.4660401864160676,0
2023-07-28 15:27:14,657.8,430502,15,657.94,49787,142424,0.511880204752068,0
2023-07-28 15:27:17,657.5,430541,3,657.94,49984,142834,0.4660401864160676,0
2023-07-28 15:27:17,658.0,430541,5,657.94,49984,142834,0.5424402169760798,0
2023-07-28 15:27:21,657.4,430647,11,657.94,49988,142730,0.4507601803040617,0
2023-07-28 15:27:22,657.4,430747,11,657.94,49954,142783,0.4507601803040617,0
2023-07-28 15:27:22,657.5,430747,5,657.94,49954,142783,0.4660401864160676,0
2023-07-28 15:27:22,657.4,430747,1,657.94,49954,142783,0.4507601803040617,0
2023-07-28 15:27:27,657.95,430788,10,657.94,49870,142699,0.5348002139200855,0
2023-07-28 15:27:27,657.45,430788,5,657.94,49870,142699,0.4584001833600733,0
2023-07-28 15:27:30,657.95,430793,2,657.94,49850,142841,0.5348002139200855,0
2023-07-28 15:27:30,657.4,430793,3,657.94,49850,142841,0.4507601803040617,0
2023-07-28 15:27:32,657.4,430929,3,657.94,49308,142442,0.4507601803040617,0
2023-07-28 15:27:32,657.35,430929,1,657.94,49308,142442,0.4431201772480674,0
2023-07-28 15:27:35,657.35,431029,1,657.94,49274,142866,0.4431201772480674,0
2023-07-28 15:27:35,657.5,431029,400,657.94,49274,142866,0.4660401864160676,0
2023-07-28 15:27:41,657.9,431686,183,657.94,49199,142615,0.5271602108640739,0
2023-07-28 15:27:41,657.7,431686,4,657.94,49199,142615,0.4966001986400794,0
2023-07-28 15:27:43,657.7,431890,4,657.94,49016,142541,0.4966001986400794,0
2023-07-28 15:27:43,657.7,431890,4,657.94,49016,142541,0.4966001986400794,0
2023-07-28 15:27:43,657.7,431890,2,657.94,49016,142541,0.4966001986400794,0
2023-07-28 15:27:48,657.85,431896,2,657.94,49018,142528,0.5195202078080796,0
2023-07-28 15:27:48,657.55,431896,17,657.94,49018,142528,0.47368018947206186,0
2023-07-28 15:27:53,657.55,432059,17,657.94,49469,142508,0.47368018947206186,0
2023-07-28 15:27:53,657.7,432059,3,657.94,49469,142508,0.4966001986400794,0
2023-07-28 15:27:55,657.7,432062,3,657.94,49458,142515,0.4966001986400794,0
2023-07-28 15:27:55,657.9,432062,3,657.94,49458,142515,0.5271602108640739,0
2023-07-28 15:28:00,657.9,432065,3,657.94,49542,142564,0.5271602108640739,0
2023-07-28 15:28:00,657.7,432065,23,657.94,49542,142564,0.4966001986400794,0
2023-07-28 15:28:00,657.7,432065,26,657.94,49542,142564,0.4966001986400794,0
2023-07-28 15:28:03,657.7,432190,26,657.94,49512,142317,0.4966001986400794,0
2023-07-28 15:28:03,657.9,432190,8,657.94,49512,142317,0.5271602108640739,0
2023-07-28 15:28:03,657.55,432190,15,657.94,49512,142317,0.47368018947206186,0
2023-07-28 15:28:03,657.55,432190,5,657.94,49512,142317,0.47368018947206186,0
2023-07-28 15:28:07,657.55,432308,5,657.94,49406,142283,0.47368018947206186,0
2023-07-28 15:28:07,657.45,432308,5,657.94,49406,142283,0.4584001833600733,0
2023-07-28 15:28:07,657.7,432308,5,657.94,49406,142283,0.4966001986400794,0
2023-07-28 15:28:07,657.9,432308,3,657.94,49406,142283,0.5271602108640739,0
2023-07-28 15:28:14,657.9,432324,3,657.94,49566,142357,0.5271602108640739,0
2023-07-28 15:28:14,657.7,432324,9,657.94,49566,142357,0.4966001986400794,0
2023-07-28 15:28:14,657.45,432324,13,657.94,49566,142357,0.4584001833600733,0
2023-07-28 15:28:14,657.7,432324,5,657.94,49566,142357,0.4966001986400794,0
2023-07-28 15:28:18,657.7,432351,5,657.94,49565,142293,0.4966001986400794,0
2023-07-28 15:28:22,657.8,432376,4,657.94,49638,142169,0.511880204752068,0
2023-07-28 15:28:22,657.45,432376,2,657.94,49638,142169,0.4584001833600733,0
2023-07-28 15:28:22,657.7,432376,1,657.94,49638,142169,0.4966001986400794,0
2023-07-28 15:28:25,657.7,433283,459,657.94,49638,142205,0.4966001986400794,0
2023-07-28 15:28:25,657.7,433283,459,657.94,49638,142205,0.4966001986400794,0
2023-07-28 15:28:25,657.4,433283,231,657.94,49638,142205,0.4507601803040617,0
2023-07-28 15:28:25,657.45,433283,20,657.94,49638,142205,0.4584001833600733,0
2023-07-28 15:28:29,657.8,434153,88,657.94,48770,142112,0.511880204752068,0
2023-07-28 15:28:29,657.4,434153,8,657.94,48770,142112,0.4507601803040617,0
2023-07-28 15:28:29,657.85,434153,5,657.94,48770,142112,0.5195202078080796,0
2023-07-28 15:28:32,657.4,434264,1,657.94,48266,141602,0.4507601803040617,0
2023-07-28 15:28:32,657.85,434264,10,657.94,48266,141602,0.5195202078080796,0
2023-07-28 15:28:32,657.85,434264,3,657.94,48266,141602,0.5195202078080796,0
2023-07-28 15:28:32,657.9,434264,12,657.94,48266,141602,0.5271602108640739,0
2023-07-28 15:28:32,657.9,434264,10,657.94,48266,141602,0.5271602108640739,0
2023-07-28 15:28:32,657.9,434264,19,657.94,48266,141602,0.5271602108640739,0
2023-07-28 15:28:39,657.9,434415,2,657.94,48160,141505,0.5271602108640739,0
2023-07-28 15:28:39,657.5,434415,24,657.94,48160,141505,0.4660401864160676,0
2023-07-28 15:28:39,657.9,434415,10,657.94,48160,141505,0.5271602108640739,0
2023-07-28 15:28:42,657.9,434450,1,657.94,48155,141495,0.5271602108640739,0
2023-07-28 15:28:42,657.9,434450,2,657.94,48155,141495,0.5271602108640739,0
2023-07-28 15:28:42,657.5,434450,3,657.94,48155,141495,0.4660401864160676,0
2023-07-28 15:28:45,657.5,434464,8,657.94,48142,141492,0.4660401864160676,0
2023-07-28 15:28:45,657.5,434464,50,657.94,48142,141492,0.4660401864160676,0
2023-07-28 15:28:45,657.4,434464,2,657.94,48142,141492,0.4507601803040617,0
2023-07-28 15:28:49,657.5,434587,2,657.94,48012,141470,0.4660401864160676,0
2023-07-28 15:28:49,657.5,434587,5,657.94,48012,141470,0.4660401864160676,0
2023-07-28 15:28:49,657.4,434587,13,657.94,48012,141470,0.4507601803040617,0
2023-07-28 15:28:49,657.5,434587,2,657.94,48012,141470,0.4660401864160676,0
2023-07-28 15:28:51,657.5,434609,2,657.94,48064,141667,0.4660401864160676,0
2023-07-28 15:28:51,657.5,434609,75,657.94,48064,141667,0.4660401864160676,0
2023-07-28 15:28:55,657.3,434830,1,657.94,47963,141341,0.43548017419205576,0
2023-07-28 15:28:55,657.25,434830,20,657.94,47963,141341,0.4278401711360615,0
2023-07-28 15:28:55,657.5,434830,28,657.94,47963,141341,0.4660401864160676,0
2023-07-28 15:28:58,657.25,435330,25,657.94,47652,141442,0.4278401711360615,0
2023-07-28 15:28:58,657.05,435330,326,657.94,47652,141442,0.39728015891204965,0
2023-07-28 15:28:59,657.5,436330,50,657.94,46764,141368,0.4660401864160676,0
2023-07-28 15:28:59,657.1,436330,75,657.94,46764,141368,0.4049201619680613,0
2023-07-28 15:28:59,657.05,436330,90,657.94,46764,141368,0.39728015891204965,0
2023-07-28 15:28:59,657.4,436330,5,657.94,46764,141368,0.4507601803040617,0
2023-07-28 15:29:06,657.05,436809,27,657.94,46470,141180,0.39728015891204965,0
2023-07-28 15:29:06,657.5,436809,70,657.94,46470,141180,0.4660401864160676,0
2023-07-28 15:29:07,657.5,436948,70,657.94,46530,141122,0.4660401864160676,0
2023-07-28 15:29:07,657.15,436948,35,657.94,46530,141122,0.41256016502405557,0
2023-07-28 15:29:07,657.5,436948,42,657.94,46530,141122,0.4660401864160676,0
2023-07-28 15:29:07,657.5,436948,25,657.94,46530,141122,0.4660401864160676,0
2023-07-28 15:29:07,657.05,436948,185,657.94,46530,141122,0.39728015891204965,0
2023-07-28 15:29:14,657.5,437370,20,657.93,46333,140943,0.4660401864160676,0
2023-07-28 15:29:14,657.05,437370,33,657.93,46333,140943,0.39728015891204965,0
2023-07-28 15:29:14,657.25,437370,1,657.93,46333,140943,0.4278401711360615,0
2023-07-28 15:29:14,657.1,437370,19,657.93,46333,140943,0.4049201619680613,0
2023-07-28 15:29:17,657.5,437560,5,657.93,46280,140793,0.4660401864160676,0
2023-07-28 15:29:17,657.5,437560,2,657.93,46280,140793,0.4660401864160676,0
2023-07-28 15:29:20,657.2,437597,7,657.93,46281,140706,0.4202001680800672,0
2023-07-28 15:29:20,657.5,437597,3,657.93,46281,140706,0.4660401864160676,0
2023-07-28 15:29:26,657.5,437710,48,657.93,46266,140699,0.4660401864160676,0
2023-07-28 15:29:26,657.1,437710,1,657.93,46266,140699,0.4049201619680613,0
2023-07-28 15:29:28,657.1,437711,1,657.93,46268,140574,0.4049201619680613,0
2023-07-28 15:29:28,657.5,437711,2,657.93,46268,140574,0.4660401864160676,0
2023-07-28 15:29:28,657.05,437711,1,657.93,46268,140574,0.39728015891204965,0
2023-07-28 15:29:28,657.5,437711,5,657.93,46268,140574,0.4660401864160676,0
2023-07-28 15:29:28,657.5,437711,19,657.93,46268,140574,0.4660401864160676,0
2023-07-28 15:29:32,657.5,437963,19,657.93,46256,140592,0.4660401864160676,0
2023-07-28 15:29:32,657.05,437963,130,657.93,46256,140592,0.39728015891204965,0
2023-07-28 15:29:32,657.5,437963,30,657.93,46256,140592,0.4660401864160676,0
2023-07-28 15:29:36,657.05,438415,5,657.93,46060,140542,0.39728015891204965,0
2023-07-28 15:29:36,657.5,438415,30,657.93,46060,140542,0.4660401864160676,0
2023-07-28 15:29:39,657.5,438795,49,657.93,45711,140413,0.4660401864160676,0
2023-07-28 15:29:39,657.5,438795,50,657.93,45711,140413,0.4660401864160676,0
2023-07-28 15:29:39,657.3,438795,10,657.93,45711,140413,0.43548017419205576,0
2023-07-28 15:29:39,657.3,438795,5,657.93,45711,140413,0.43548017419205576,0
2023-07-28 15:29:42,657.3,439013,5,657.93,45676,140320,0.43548017419205576,0
2023-07-28 15:29:42,657.25,439013,5,657.93,45676,140320,0.4278401711360615,0
2023-07-28 15:29:42,657.05,439013,589,657.93,45676,140320,0.39728015891204965,0
2023-07-28 15:29:45,657.3,439771,17,657.93,45636,140190,0.43548017419205576,0
2023-07-28 15:29:45,657.3,439771,5,657.93,45636,140190,0.43548017419205576,0
2023-07-28 15:29:47,657.3,439903,5,657.93,45682,140107,0.43548017419205576,0
2023-07-28 15:29:47,657.05,439903,20,657.93,45682,140107,0.39728015891204965,0
2023-07-28 15:29:47,657.3,439903,5,657.93,45682,140107,0.43548017419205576,0
2023-07-28 15:29:47,657.05,439903,200,657.93,45682,140107,0.39728015891204965,0
2023-07-28 15:29:47,657.05,439903,168,657.93,45682,140107,0.39728015891204965,0
2023-07-28 15:29:53,657.3,440423,5,657.93,45466,139872,0.43548017419205576,0
2023-07-28 15:29:53,657.3,440423,5,657.93,45466,139872,0.43548017419205576,0
2023-07-28 15:29:53,657.3,440423,9,657.93,45466,139872,0.43548017419205576,0
2023-07-28 15:29:53,657.3,440423,9,657.93,45466,139872,0.43548017419205576,0
2023-07-28 15:29:57,657.05,440488,5,657.93,45464,140047,0.39728015891204965,0
2023-07-28 15:29:57,657.05,440488,5,657.93,45468,140060,0.39728015891204965,0
2023-07-28 15:29:57,657.85,440488,5,657.93,0,0,0.5195202078080796,0
2023-07-28 15:29:57,657.85,440488,5,657.93,3661,0,0.5195202078080796,0
2023-07-28 15:29:57,657.85,440488,53,657.93,3661,0,0.5195202078080796,0
2023-07-28 15:40:02,657.85,440541,53,657.93,3609,0,0.5195202078080796,0
2023-07-28 15:40:02,657.85,440541,53,657.93,3609,0,0.5195202078080796,0
2023-07-28 15:40:02,657.85,440541,53,657.93,3609,0,0.5195202078080796,0
2023-07-28 15:40:08,657.85,440546,5,657.93,3604,0,0.5195202078080796,0
2023-07-28 15:40:08,657.85,440546,5,657.93,3603,0,0.5195202078080796,0
2023-07-28 15:40:20,657.85,440551,5,657.93,3598,0,0.5195202078080796,0
2023-07-28 15:40:20,657.85,440551,5,657.93,3598,0,0.5195202078080796,0
2023-07-28 15:40:20,657.85,440551,5,657.93,3598,0,0.5195202078080796,0
2023-07-28 15:40:28,657.85,440553,2,657.93,3596,0,0.5195202078080796,0
2023-07-28 15:40:28,657.85,440553,2,657.93,3597,0,0.5195202078080796,0
2023-07-28 15:40:28,657.85,440553,2,657.93,3597,0,0.5195202078080796,0
2023-07-28 15:40:28,657.85,440553,2,657.93,3597,0,0.5195202078080796,0
2023-07-28 15:41:02,657.85,440747,194,657.93,3403,0,0.5195202078080796,0
2023-07-28 15:41:02,657.85,440747,194,657.93,3403,0,0.5195202078080796,0
2023-07-28 15:41:02,657.85,440747,194,657.93,3403,0,0.5195202078080796,0
2023-07-28 15:41:02,657.85,440747,194,657.93,3403,0,0.5195202078080796,0
2023-07-28 15:41:02,657.85,440747,194,657.93,4203,0,0.5195202078080796,0
2023-07-28 15:41:02,657.85,440747,194,657.93,4203,0,0.5195202078080796,0
2023-07-28 15:41:02,657.85,440747,194,657.93,4203,0,0.5195202078080796,0
2023-07-28 15:41:56,657.85,440748,1,657.93,4202,0,0.5195202078080796,0
2023-07-28 15:41:56,657.85,440748,1,657.93,4202,0,0.5195202078080796,0
2023-07-28 15:42:16,657.85,440773,25,657.93,4177,0,0.5195202078080796,0
2023-07-28 15:42:16,657.85,440773,25,657.93,4177,0,0.5195202078080796,0
2023-07-28 15:42:16,657.85,440773,25,657.93,4177,0,0.5195202078080796,0
2023-07-28 15:42:16,657.85,440773,25,657.93,4177,0,0.5195202078080796,0
2023-07-28 15:42:16,657.85,440773,25,657.93,4177,0,0.5195202078080796,0
2023-07-28 15:42:16,657.85,440773,25,657.93,4177,0,0.5195202078080796,0
2023-07-28 15:42:16,657.85,440773,25,657.93,4277,0,0.5195202078080796,0
2023-07-28 15:42:16,657.85,440773,25,657.93,4277,0,0.5195202078080796,0
2023-07-28 15:42:16,657.85,440773,25,657.93,4277,0,0.5195202078080796,0
2023-07-28 15:42:16,657.85,440773,25,657.93,4277,0,0.5195202078080796,0
2023-07-28 15:45:06,657.85,440778,5,657.93,4272,0,0.5195202078080796,0
2023-07-28 15:45:06,657.85,440778,5,657.93,4272,0,0.5195202078080796,0
2023-07-28 15:45:06,657.85,440778,5,657.93,4272,0,0.5195202078080796,0
2023-07-28 15:45:06,657.85,440778,5,657.93,4272,0,0.5195202078080796,0
2023-07-28 15:45:06,657.85,440778,5,657.93,4272,0,0.5195202078080796,0
2023-07-28 15:45:06,657.85,440778,5,657.93,4272,0,0.5195202078080796,0
2023-07-28 15:45:06,657.85,440778,5,657.93,4272,0,0.5195202078080796,0
2023-07-28 15:45:06,657.85,440778,5,657.93,4272,0,0.5195202078080796,0
2023-07-28 15:48:07,657.85,440791,13,657.93,4259,0,0.5195202078080796,0
2023-07-28 15:48:07,657.85,440791,13,657.93,4259,0,0.5195202078080796,0
2023-07-28 15:48:07,657.85,440791,13,657.93,4259,0,0.5195202078080796,0
2023-07-28 15:48:07,657.85,440791,13,657.93,4259,0,0.5195202078080796,0
2023-07-28 15:48:07,657.85,440791,13,657.93,4259,0,0.5195202078080796,0
2023-07-28 15:48:07,657.85,440791,13,657.93,4259,0,0.5195202078080796,0
2023-07-28 15:48:07,657.85,440791,13,657.93,4259,0,0.5195202078080796,0
2023-07-28 15:48:07,657.85,440791,13,657.93,4261,0,0.5195202078080796,0
2023-07-28 15:48:07,657.85,440791,13,657.93,4161,0,0.5195202078080796,0
2023-07-28 15:48:07,657.85,440791,13,657.93,4161,0,0.5195202078080796,0
2023-07-28 15:48:07,657.85,440791,13,657.93,4206,0,0.5195202078080796,0
2023-07-28 15:48:07,657.85,440791,13,657.93,4161,0,0.5195202078080796,0
2023-07-28 15:48:07,657.85,440791,13,657.93,4161,0,0.5195202078080796,0
2023-07-28 15:48:07,657.85,440791,13,657.93,4161,0,0.5195202078080796,0
2023-07-28 15:48:07,657.85,440791,13,657.93,4176,0,0.5195202078080796,0
2023-07-28 15:56:24,657.85,440841,50,657.93,4126,0,0.5195202078080796,0
2023-07-28 15:56:24,657.85,440841,50,657.93,4126,0,0.5195202078080796,0
2023-07-28 15:56:48,657.85,440846,5,657.93,4121,0,0.5195202078080796,0
2023-07-28 15:56:48,657.85,440846,5,657.93,4106,0,0.5195202078080796,0
2023-07-28 15:56:48,657.85,440846,5,657.93,4106,0,0.5195202078080796,0
2023-07-28 15:56:48,657.85,440846,50,657.93,4106,0,0.5195202078080796,0
2023-07-28 15:57:15,657.85,440896,50,657.93,4056,0,0.5195202078080796,0
2023-07-28 15:57:15,657.85,440896,50,657.93,4056,0,0.5195202078080796,0
2023-07-28 15:57:15,657.85,440896,50,657.93,4071,0,0.5195202078080796,0
2023-07-28 15:57:41,657.85,441296,400,657.93,3671,0,0.5195202078080796,0
2023-07-28 15:57:41,657.85,441296,400,657.93,3686,0,0.5195202078080796,0
2023-07-28 15:57:41,657.85,441296,400,657.93,3686,0,0.5195202078080796,0
2023-07-28 15:57:41,657.85,441296,400,657.93,3686,0,0.5195202078080796,0
2023-07-28 15:57:41,657.85,441296,400,657.93,3686,0,0.5195202078080796,0
2023-07-28 15:57:41,657.85,441296,400,657.93,3686,0,0.5195202078080796,0
2023-07-28 15:57:41,657.85,441296,400,657.93,3686,0,0.5195202078080796,0
2023-07-28 15:57:41,657.85,441296,400,657.93,3686,0,0.5195202078080796,0
2023-07-28 15:57:41,657.85,441296,400,657.93,3686,0,0.5195202078080796,0
2023-07-28 15:57:41,657.85,441296,400,657.93,3686,0,0.5195202078080796,0
2023-07-28 15:57:41,657.85,441296,400,657.93,3686,0,0.5195202078080796,0
2023-07-28 15:57:41,657.85,441296,400,657.93,3686,0,0.5195202078080796,0
2023-07-28 15:57:41,657.85,441296,400,657.93,3686,0,0.5195202078080796,0
2023-07-28 15:57:41,657.85,441296,400,657.93,3686,0,0.5195202078080796,0
2023-07-28 15:57:41,657.85,0,0,0.0,0,0,0.5195202078080796,0
2023-07-28 15:57:41,657.85,0,0,0.0,0,0,0.5195202078080796,0
2023-07-28 15:57:41,657.85,0,0,0.0,0,0,0.5195202078080796,0
2023-07-28 15:57:41,657.85,0,0,0.0,0,0,0.5195202078080796,0
2023-07-28 15:57:41,657.85,0,0,0.0,0,0,0.5195202078080796,0
2023-07-28 15:57:41,657.85,0,0,0.0,0,0,0.5195202078080796,0
2023-07-28 15:57:41,657.85,0,0,0.0,0,0,0.5195202078080796,0
